# Fri 13:30:06 21-Aug-2026
begin	identify tzc19 - Ap 19
	id	tzc19
	task	identify
	image	tzc19 - Ap 19
	aperture	19
	aplow	1204.88
	aphigh	1212.99
	units	Angstroms
	features	16
	         17.66 5050.78016  5050.7842   4.0 1 1 
	         45.41 5049.79578   5049.796   4.0 1 1 
	        186.57 5044.72474  5044.7195   4.0 1 1 
	        336.15 5039.23354  5039.2303   4.0 1 1 
	        583.39 5029.89207  5029.8916   4.0 1 1 
	        615.62 5028.65012  5028.6556   4.0 1 1 
	        841.06 5019.80526  5019.8062   4.0 1 1 
	        938.63 5015.89196  5015.8893   4.0 1 1 
	       1099.36 5009.33347  5009.3344   4.0 1 1 
	       1237.26 5003.59537  5003.5981   4.0 1 1 
	       1272.85 5002.09758  5002.0972   4.0 1 1 
	       1570.38 4989.30936  4989.3086   4.0 1 1 
	       1659.76  4985.3745  4985.3725   4.0 1 1 
	       1724.71 4982.48793  4982.4875   4.0 1 1 
	       1776.11 4980.18756  4980.1859   4.0 1 1 
	       1953.08 4972.15721  4972.1597   4.0 1 1 
	function chebyshev
	order 4
	sample *
	naverage 1
	niterate 2000
	low_reject 3.
	high_reject 3.
	grow 0.
	coefficients	8
		1.
		4.
		17.65869903564453
		1953.082763671875
		5012.733942987916
		-39.31144422352969
		-1.265257922172782
		-3.302792180053252E-5

