# Fri 11:28:21 21-Aug-2026
begin	identify tzc03 - Ap 3
	id	tzc03
	task	identify
	image	tzc03 - Ap 3
	aperture	3
	aplow	899.19
	aphigh	906.88
	units	Angstroms
	features	19
	        201.48  4116.7081  4116.7137   4.0 1 1 
	        233.31 4115.76078  4115.7589   4.0 1 1 
	        333.27 4112.75702  4112.7545   4.0 1 1 
	        474.95 4108.42333  4108.4198   4.0 1 1 
	        660.33 4102.61942  4102.6177   4.0 1 1 
	        731.80 4100.34141  4100.3414   4.0 1 1 
	        812.40 4097.74557  4097.7478   4.0 1 1 
	        863.72  4096.0778  4096.0759   4.0 1 1 
	        904.45 4094.74628   4094.747   4.0 1 1 
	       1151.41  4086.5176  4086.5205   4.0 1 1 
	       1241.02 4083.46646  4083.4688   4.0 1 1 
	       1272.63 4082.38191  4082.3872   4.0 1 1 
	       1302.13 4081.36577  4081.3678   4.0 1 1 
	       1353.88 4079.57437  4079.5738   4.0 1 1 
	       1438.36 4076.62546  4076.6284   4.0 1 1 
	       1470.11 4075.50905   4075.503   4.0 1 1 
	       1568.96 4072.00613  4071.9967   4.0 1 1 
	       1695.80 4067.45038  4067.4507   4.0 1 1 
	       1919.50 4059.24966  4059.2529   4.0 1 1 
	function chebyshev
	order 4
	sample *
	naverage 1
	niterate 2000
	low_reject 3.
	high_reject 3.
	grow 0.
	coefficients	8
		1.
		4.
		201.4805755615234
		1919.5
		4088.778296327554
		-28.73294068269495
		-0.7994128431423445
		0.00371959782251688

# Mon 18:27:50 24-Aug-2026
begin	identify tzc03 - Ap 3
	id	tzc03
	task	identify
	image	tzc03 - Ap 3
	aperture	3
	aplow	899.19
	aphigh	906.88
	units	Angstroms
	features	18
	        201.48 4116.70854  4116.7137   4.0 1 1 
	        233.31 4115.76115  4115.7589   4.0 1 1 
	        333.27 4112.75676  4112.7545   4.0 1 1 
	        474.95 4108.42284  4108.4198   4.0 1 1 
	        660.33 4102.61879  4102.6177   4.0 1 1 
	        731.80  4100.3409  4100.3414   4.0 1 1 
	        812.40 4097.74523  4097.7478   4.0 1 1 
	        863.72 4096.07774  4096.0759   4.0 1 1 
	        904.45 4094.74617   4094.747   4.0 1 1 
	       1151.41 4086.51816  4086.5205   4.0 1 1 
	       1241.02 4083.46734  4083.4688   4.0 1 1 
	       1272.63  4082.3829  4082.3872   4.0 1 1 
	       1302.13 4081.36696  4081.3678   4.0 1 1 
	       1353.88 4079.57572  4079.5738   4.0 1 1 
	       1438.36 4076.62686  4076.6284   4.0 1 1 
	       1470.11 4075.51068   4075.503   4.0 1 1 
	       1695.80 4067.45223  4067.4507   4.0 1 1 
	       1919.50 4059.25083  4059.2529   4.0 1 1 
	function chebyshev
	order 4
	sample *
	naverage 1
	niterate 2000
	low_reject 3.
	high_reject 3.
	grow 0.
	coefficients	8
		1.
		4.
		201.48
		1919.5
		4088.778897806358
		-28.73196594201539
		-0.7992106791325531
		0.003108705684646846

# Mon 18:30:00 24-Aug-2026
begin	identify tzc03 - Ap 3
	id	tzc03
	task	identify
	image	tzc03 - Ap 3
	aperture	3
	aplow	899.19
	aphigh	906.88
	units	Angstroms
	features	19
	        201.48 4116.70878  4116.7137   4.0 1 1 
	        233.31 4115.76145  4115.7589   4.0 1 1 
	        333.27 4112.75721  4112.7545   4.0 1 1 
	        474.95  4108.4234  4108.4198   4.0 1 1 
	        493.22  4107.8582  4107.8614   4.0 1 1 
	        660.33 4102.61932  4102.6177   4.0 1 1 
	        731.80 4100.34139  4100.3414   4.0 1 1 
	        812.40 4097.74566  4097.7478   4.0 1 1 
	        863.72 4096.07812  4096.0759   4.0 1 1 
	        904.45 4094.74651   4094.747   4.0 1 1 
	       1151.41 4086.51822  4086.5205   4.0 1 1 
	       1241.02 4083.46731  4083.4688   4.0 1 1 
	       1272.63 4082.38284  4082.3872   4.0 1 1 
	       1302.13 4081.36687  4081.3678   4.0 1 1 
	       1353.88 4079.57559  4079.5738   4.0 1 1 
	       1438.36 4076.62668  4076.6284   4.0 1 1 
	       1470.11 4075.51049   4075.503   4.0 1 1 
	       1695.80  4067.4521  4067.4507   4.0 1 1 
	       1919.50 4059.25105  4059.2529   4.0 1 1 
	function chebyshev
	order 4
	sample *
	naverage 1
	niterate 2000
	low_reject 3.
	high_reject 3.
	grow 0.
	coefficients	8
		1.
		4.
		201.48
		1919.5
		4088.779094026558
		-28.73221639177545
		-0.7991775308781555
		0.003353276841668443

