# Tue 17:40:41 25-Aug-2026
begin	identify tzc35 - Ap 35
	id	tzc35
	task	identify
	image	tzc35 - Ap 35
	aperture	35
	aplow	1427.93
	aphigh	1435.44
	units	Angstroms
	features	11
	        179.71  6512.3622  6512.3639   4.0 1 1 
	        250.00 6509.05141  6509.0503   4.0 1 1 
	        293.44 6506.98811  6506.9868   4.0 1 1 
	        576.98 6493.19699  6493.1975   4.0 1 1 
	        626.38 6490.73675  6490.7372   4.0 1 1 
	        777.95 6483.08283  6483.0825   4.0 1 1 
	       1399.78 6450.00597   6450.006   4.0 1 1 
	       1458.01  6446.7701  6446.7712   4.0 1 1 
	       1726.32 6431.55711   6431.555   4.0 1 1 
	       1986.85 6416.30417  6416.3071   4.0 1 1 
	       2031.94 6413.61636  6413.6145   4.0 1 1 
	function chebyshev
	order 4
	sample *
	naverage 1
	niterate 2000
	low_reject 3.
	high_reject 3.
	grow 0.
	coefficients	8
		1.
		4.
		179.7140960693359
		2031.93994140625
		6464.483523509167
		-49.37270903610023
		-1.494245038484822
		-2.084881050381765E-4

