# Mon 19:41:41 24-Aug-2026
begin	identify tzc24 - Ap 24
	id	tzc24
	task	identify
	image	tzc24 - Ap 24
	aperture	24
	aplow	1282.03
	aphigh	1290.09
	units	Angstroms
	features	26
	         76.10 5431.10752   5431.112   4.0 1 1 
	        215.90 5425.68093  5425.6783   4.0 1 1 
	        258.34 5424.01112  5424.0079   4.0 1 1 
	        421.63 5417.48767  5417.4858   4.0 1 1 
	        585.87 5410.76951  5410.7687   4.0 1 1 
	        660.81 5407.65207  5407.6535   4.0 1 1 
	        780.51 5402.60437  5402.6048   4.0 1 1 
	        899.27 5397.51391   5397.516   4.0 1 1 
	        962.76 5394.75927  5394.7608   4.0 1 1 
	       1012.81 5392.57089  5392.5726   4.0 1 1 
	       1147.49 5386.60953  5386.6107   4.0 1 1 
	       1229.44 5382.93098  5382.9276   4.0 1 1 
	       1313.64 5379.11036  5379.1105   4.0 1 1 
	       1364.65   5376.776  5376.7809   4.0 1 1 
	       1378.69 5376.13083  5376.1304   4.0 1 1 
	       1386.57 5375.76829  5375.7688   4.0 1 1 
	       1395.56 5375.35373  5375.3526   4.0 1 1 
	       1407.07 5374.82301  5374.8219   4.0 1 1 
	       1452.82 5372.70515  5372.7027   4.0 1 1 
	       1495.65 5370.71113  5370.7096   4.0 1 1 
	       1668.09 5362.57628  5362.5751   4.0 1 1 
	       1697.82 5361.15626  5361.1556   4.0 1 1 
	       1718.80 5360.15121  5360.1501   4.0 1 1 
	       1812.43 5355.63431  5355.6365   4.0 1 1 
	       1904.85 5351.12601  5351.1265   4.0 1 1 
	       1968.93 5347.97097  5347.9714   4.0 1 1 
	function chebyshev
	order 4
	sample *
	naverage 1
	niterate 2000
	low_reject 3.
	high_reject 3.
	grow 0.
	coefficients	8
		1.
		4.
		76.10175323486327
		1968.931884765625
		5390.841932519126
		-41.56913416268734
		-1.302689940488207
		8.598390200580034E-4

