# Fri 13:06:06 21-Aug-2026
begin	identify tzc15 - Ap 15
	id	tzc15
	task	identify
	image	tzc15 - Ap 15
	aperture	15
	aplow	1137.54
	aphigh	1145.52
	units	Angstroms
	features	23
	        111.41 4778.29248   4778.294   4.0 1 1 
	        446.98 4766.60298  4766.6006   4.0 1 1 
	        495.50  4764.8651  4764.8646   4.0 1 1 
	        509.85 4764.34849  4764.3463   4.0 1 1 
	        599.21 4761.10976  4761.1101   4.0 1 1 
	        833.80 4752.41207  4752.4141   4.0 1 1 
	        918.61 4749.19854  4749.2002   4.0 1 1 
	       1122.92  4741.3056  4741.3039   4.0 1 1 
	       1131.90 4740.95344  4740.9585   4.0 1 1 
	       1142.68 4740.53068  4740.5292   4.0 1 1 
	       1164.46  4739.6747  4739.6764   4.0 1 1 
	       1259.61  4735.9057  4735.9058   4.0 1 1 
	       1355.66 4732.05381  4732.0532   4.0 1 1 
	       1427.86 4729.12775  4729.1282   4.0 1 1 
	       1483.05 4726.87307  4726.8683   4.0 1 1 
	       1558.04 4723.78453   4723.784   4.0 1 1 
	       1566.39 4723.43884  4723.4382   4.0 1 1 
	       1598.89 4722.08967  4722.0886   4.0 1 1 
	       1610.84 4721.59246   4721.591   4.0 1 1 
	       1618.43  4721.2762  4721.2765   4.0 1 1 
	       1638.04 4720.45792  4720.4586   4.0 1 1 
	       1826.85 4712.47681  4712.4814   4.0 1 1 
	       2023.05  4703.9909  4703.9898   4.0 1 1 
	function chebyshev
	order 4
	sample *
	naverage 1
	niterate 2000
	low_reject 3.
	high_reject 3.
	grow 0.
	coefficients	8
		1.
		4.
		111.4132232666016
		2023.052612304688
		4742.309806754169
		-37.15133353002921
		-1.168116564627249
		5.460297977421859E-4

