# Mon 19:17:39 24-Aug-2026
begin	identify tzc23 - Ap 23
	id	tzc23
	task	identify
	image	tzc23 - Ap 23
	aperture	23
	aplow	1267.12
	aphigh	1275.38
	units	Angstroms
	features	25
	         48.05 5351.12184  5351.1265   4.0 1 1 
	        131.10 5347.97369  5347.9714   4.0 1 1 
	        245.13 5343.58571  5343.5812   4.0 1 1 
	        584.62 5330.07956  5330.0804   4.0 1 1 
	        660.31 5326.97764  5326.9756   4.0 1 1 
	        677.36 5326.27459  5326.2774   4.0 1 1 
	        809.40 5320.77196  5320.7699   4.0 1 1 
	        886.93 5317.49425  5317.4944   4.0 1 1 
	       1002.82 5312.53071  5312.5288   4.0 1 1 
	       1015.11 5311.99973  5312.0018   4.0 1 1 
	       1055.17 5310.26332  5310.2665   4.0 1 1 
	       1119.28 5307.46514  5307.4655   4.0 1 1 
	       1130.24 5306.98451  5306.9864   4.0 1 1 
	       1276.08 5300.52277  5300.5234   4.0 1 1 
	       1326.03 5298.28152  5298.2824   4.0 1 1 
	       1370.34 5296.28161  5296.2787   4.0 1 1 
	       1411.88 5294.39607  5294.3971   4.0 1 1 
	       1468.36 5291.81708  5291.8163   4.0 1 1 
	       1575.24 5286.88683   5286.887   4.0 1 1 
	       1687.63 5281.63241  5281.6285   4.0 1 1 
	       1699.59 5281.06919  5281.0687   4.0 1 1 
	       1774.93 5277.50135  5277.5002   4.0 1 1 
	       1845.74 5274.11848  5274.1188   4.0 1 1 
	       1870.57 5272.92537   5272.927   4.0 1 1 
	       1998.80 5266.70889  5266.7103   4.0 1 1 
	function chebyshev
	order 4
	sample *
	naverage 1
	niterate 2000
	low_reject 3.
	high_reject 3.
	grow 0.
	coefficients	8
		1.
		4.
		48.05004501342774
		1998.80322265625
		5310.277732664987
		-42.20840333553629
		-1.362368014869534
		0.00192583362210228

