# Tue 16:36:03 25-Aug-2026
begin	identify tzc30 - Ap 30
	id	tzc30
	task	identify
	image	tzc30 - Ap 30
	aperture	30
	aplow	1365.12
	aphigh	1373.28
	units	Angstroms
	features	18
	         54.32 5975.06444  5975.0648   4.0 1 1 
	         87.45 5973.66501  5973.6649   4.0 1 1 
	        650.64 5948.79985  5948.7991   4.0 1 1 
	        740.42 5944.64846  5944.6472   4.0 1 1 
	        864.51 5938.82519  5938.8252   4.0 1 1 
	        889.00 5937.66417  5937.6634   4.0 1 1 
	        915.92 5936.38347  5936.3861   4.0 1 1 
	       1050.09 5929.93257  5929.9343   4.0 1 1 
	       1073.09 5928.81535   5928.813   4.0 1 1 
	       1273.36 5918.94252  5918.9442   4.0 1 1 
	       1409.50 5912.08515  5912.0853   4.0 1 1 
	       1536.72  5905.5705  5905.5707   4.0 1 1 
	       1594.03 5902.60176  5902.6021   4.0 1 1 
	       1646.87 5899.84613  5899.8441   4.0 1 1 
	       1805.79 5891.45173   5891.451   4.0 1 1 
	       1859.37 5888.58565  5888.5841   4.0 1 1 
	       1912.97 5885.69956  5885.7016   4.0 1 1 
	       1969.73 5882.62379  5882.6242   4.0 1 1 
	function chebyshev
	order 4
	sample *
	naverage 1
	niterate 2000
	low_reject 3.
	high_reject 3.
	grow 0.
	coefficients	8
		1.
		4.
		54.31651306152343
		1969.733520507812
		5930.309301653656
		-46.22167070173154
		-1.465184006998769
		0.001343766446820088

