# Fri 13:37:18 21-Aug-2026
begin	identify tzc20 - Ap 20
	id	tzc20
	task	identify
	image	tzc20 - Ap 20
	aperture	20
	aplow	1221.01
	aphigh	1228.97
	units	Angstroms
	features	21
	        233.42  5115.0448  5115.0448   4.0 1 1 
	        598.81 5101.13251  5101.1299   4.0 1 1 
	        611.94 5100.61876  5100.6211   4.0 1 1 
	        677.42 5098.04333  5098.0432   4.0 1 1 
	        716.75 5096.48475  5096.4848   4.0 1 1 
	       1085.88 5081.44383  5081.4462   4.0 1 1 
	       1401.89 5067.97332  5067.9737   4.0 1 1 
	       1421.06  5067.1384  5067.1379   4.0 1 1 
	       1429.29 5066.77934  5066.7773   4.0 1 1 
	       1444.03 5066.13553  5066.1355   4.0 1 1 
	       1471.20 5064.94581  5064.9454   4.0 1 1 
	       1479.02 5064.60265   5064.602   4.0 1 1 
	       1503.72  5063.5163  5063.5157   4.0 1 1 
	       1537.20 5062.03821  5062.0371   4.0 1 1 
	       1586.28 5059.86094  5059.8611   4.0 1 1 
	       1763.52 5051.88763  5051.8887   4.0 1 1 
	       1787.78 5050.78292  5050.7842   4.0 1 1 
	       1809.37 5049.79692   5049.796   4.0 1 1 
	       1869.44  5047.0409  5047.0434   4.0 1 1 
	       1919.74 5044.71803  5044.7195   4.0 1 1 
	       2037.34 5039.23293  5039.2303   4.0 1 1 
	function chebyshev
	order 4
	sample *
	naverage 1
	niterate 2000
	low_reject 3.
	high_reject 3.
	grow 0.
	coefficients	8
		1.
		4.
		233.4218292236328
		2037.338623046875
		5078.254409615614
		-37.90728801592506
		-1.115547078689802
		0.001351587384704757

# Fri 19:50:42 28-Aug-2026
begin	identify tzc20 - Ap 20
	id	tzc20
	task	identify
	image	tzc20 - Ap 20
	aperture	20
	aplow	1221.01
	aphigh	1228.97
	units	Angstroms
	features	21
	        233.42  5115.0448  5115.0448   4.0 1 1 
	        598.81 5101.13249  5101.1299   4.0 1 1 
	        611.94 5100.61886  5100.6211   4.0 1 1 
	        677.42 5098.04318  5098.0432   4.0 1 1 
	        716.75 5096.48477  5096.4848   4.0 1 1 
	       1085.88 5081.44386  5081.4462   4.0 1 1 
	       1401.89 5067.97331  5067.9737   4.0 1 1 
	       1421.06 5067.13855  5067.1379   4.0 1 1 
	       1429.29 5066.77956  5066.7773   4.0 1 1 
	       1444.03 5066.13568  5066.1355   4.0 1 1 
	       1471.20  5064.9457  5064.9454   4.0 1 1 
	       1479.02 5064.60246   5064.602   4.0 1 1 
	       1503.72  5063.5161  5063.5157   4.0 1 1 
	       1537.20 5062.03826  5062.0371   4.0 1 1 
	       1586.28 5059.86074  5059.8611   4.0 1 1 
	       1763.52 5051.88761  5051.8887   4.0 1 1 
	       1787.78 5050.78293  5050.7842   4.0 1 1 
	       1809.37 5049.79713   5049.796   4.0 1 1 
	       1869.44 5047.04095  5047.0434   4.0 1 1 
	       1919.74 5044.71792  5044.7195   4.0 1 1 
	       2037.34 5039.23293  5039.2303   4.0 1 1 
	function chebyshev
	order 4
	sample *
	naverage 1
	niterate 2000
	low_reject 3.
	high_reject 3.
	grow 0.
	coefficients	8
		1.
		4.
		233.42
		2037.34
		5078.254424344333
		-37.90730867550228
		-1.115557731795126
		0.001370584058232422

