# Sun 23:51:20 16-Aug-2026
begin	identify tzc18 - Ap 18
	id	tzc18
	task	identify
	image	tzc18 - Ap 18
	aperture	18
	aplow	1188.47
	aphigh	1196.71
	units	Angstroms
	features	19
	        256.32 4972.15697  4972.1597   4.0 1 1 
	        431.74 4965.73375  4965.7315   4.0 1 1 
	        449.31 4965.08152  4965.0795   4.0 1 1 
	        827.63 4950.62889  4950.6264   4.0 1 1 
	        928.11 4946.66118  4946.6637   4.0 1 1 
	        958.33 4945.45724  4945.4587   4.0 1 1 
	       1102.63 4939.64137  4939.6422   4.0 1 1 
	       1147.05 4937.82883  4937.8295   4.0 1 1 
	       1172.71  4936.7768  4936.7746   4.0 1 1 
	       1243.68 4933.84894  4933.8521   4.0 1 1 
	       1259.10 4933.20931  4933.2091   4.0 1 1 
	       1388.78 4927.77965  4927.7803   4.0 1 1 
	       1533.49 4921.61516  4921.6134   4.0 1 1 
	       1575.26 4919.81519  4919.8157   4.0 1 1 
	       1742.17 4912.53031  4912.5293   4.0 1 1 
	       1768.20 4911.38087  4911.3787   4.0 1 1 
	       1781.43 4910.79561  4910.7929   4.0 1 1 
	       1795.83 4910.15703  4910.1576   4.0 1 1 
	       1916.87 4904.74789  4904.7516   4.0 1 1 
	function chebyshev
	order 4
	sample *
	naverage 1
	niterate 2000
	low_reject 3.
	high_reject 3.
	grow 0.
	coefficients	8
		1.
		4.
		256.3190307617188
		1916.866943359375
		4939.372813273891
		-33.70648319056783
		-0.9203823674122585
		0.001944067768946714

# Fri 13:24:21 21-Aug-2026
begin	identify tzc18 - Ap 18
	id	tzc18
	task	identify
	image	tzc18 - Ap 18
	aperture	18
	aplow	1188.47
	aphigh	1196.71
	units	Angstroms
	features	20
	        256.32 4972.15689  4972.1597   4.0 1 1 
	        349.78 4968.75573  4968.7556   4.0 1 1 
	        431.74  4965.7338  4965.7315   4.0 1 1 
	        449.31  4965.0814  4965.0795   4.0 1 1 
	        827.63 4950.62896  4950.6264   4.0 1 1 
	        928.11 4946.66123  4946.6637   4.0 1 1 
	        958.33 4945.45725  4945.4587   4.0 1 1 
	       1102.63 4939.64135  4939.6422   4.0 1 1 
	       1147.05 4937.82865  4937.8295   4.0 1 1 
	       1172.71 4936.77678  4936.7746   4.0 1 1 
	       1243.68 4933.84891  4933.8521   4.0 1 1 
	       1259.10 4933.20932  4933.2091   4.0 1 1 
	       1388.78 4927.77972  4927.7803   4.0 1 1 
	       1533.49  4921.6151  4921.6134   4.0 1 1 
	       1575.26 4919.81532  4919.8157   4.0 1 1 
	       1742.17  4912.5303  4912.5293   4.0 1 1 
	       1768.20 4911.38088  4911.3787   4.0 1 1 
	       1781.43 4910.79561  4910.7929   4.0 1 1 
	       1795.83 4910.15704  4910.1576   4.0 1 1 
	       1916.87 4904.74785  4904.7516   4.0 1 1 
	function chebyshev
	order 4
	sample *
	naverage 1
	niterate 2000
	low_reject 3.
	high_reject 3.
	grow 0.
	coefficients	8
		1.
		4.
		256.3200000000001
		1916.870000000001
		4939.372748794364
		-33.70653867011476
		-0.9203763585915799
		0.00201630825052335

