# Fri 12:56:30 21-Aug-2026
begin	identify tzc13 - Ap 13
	id	tzc13
	task	identify
	image	tzc13 - Ap 13
	aperture	13
	aplow	1101.92
	aphigh	1109.72
	units	Angstroms
	features	16
	        564.99 4638.68453  4638.6849   4.0 1 1 
	        605.92 4637.23376  4637.2328   4.0 1 1 
	        880.17 4627.29629   4627.298   4.0 1 1 
	       1197.31   4615.334   4615.334   4.0 1 1 
	       1205.32 4615.02531   4615.024   4.0 1 1 
	       1242.11 4613.60371  4613.6044   4.0 1 1 
	       1269.42 4612.54403  4612.5435   4.0 1 1 
	       1345.56 4609.57018  4609.5673   4.0 1 1 
	       1369.75  4608.6192  4608.6201   4.0 1 1 
	       1507.67 4603.14265  4603.1446   4.0 1 1 
	       1616.33 4598.76171  4598.7627   4.0 1 1 
	       1681.71 4596.09755  4596.0967   4.0 1 1 
	       1698.26 4595.41998  4595.4206   4.0 1 1 
	       1765.18 4592.66599   4592.666   4.0 1 1 
	       1831.89  4589.8989  4589.8978   4.0 1 1 
	       1867.19  4588.4257  4588.4261   4.0 1 1 
	function chebyshev
	order 4
	sample *
	naverage 1
	niterate 2000
	low_reject 3.
	high_reject 3.
	grow 0.
	coefficients	8
		1.
		4.
		564.986328125
		1867.19140625
		4614.082528927875
		-25.13087082855572
		-0.5274125377849216
		0.001453761774381441

