# Mon 18:40:19 24-Aug-2026
begin	identify tzc11 - Ap 11
	id	tzc11
	task	identify
	image	tzc11 - Ap 11
	aperture	11
	aplow	1064.69
	aphigh	1072.23
	units	Angstroms
	features	20
	        146.96 4535.25454  4535.2546   4.0 1 1 
	        290.46 4530.55211  4530.5523   4.0 1 1 
	        534.54  4522.3238   4522.323   4.0 1 1 
	        623.30 4519.25973  4519.2592   4.0 1 1 
	        741.58 4515.11691  4515.1182   4.0 1 1 
	        794.99 4513.22403  4513.2231   4.0 1 1 
	        864.72 4510.73173  4510.7332   4.0 1 1 
	       1016.76 4505.21573  4505.2167   4.0 1 1 
	       1078.94 4502.92772  4502.9268   4.0 1 1 
	       1158.25 4499.98176  4499.9832   4.0 1 1 
	       1186.04 4498.94232  4498.9401   4.0 1 1 
	       1196.78 4498.53978  4498.5384   4.0 1 1 
	       1334.32 4493.33313  4493.3337   4.0 1 1 
	       1429.80 4489.66467  4489.6645   4.0 1 1 
	       1455.28 4488.67819  4488.6803   4.0 1 1 
	       1501.06  4486.8979  4486.8973   4.0 1 1 
	       1591.62 4483.34666  4483.3468   4.0 1 1 
	       1630.45 4481.81154  4481.8107   4.0 1 1 
	       1795.12 4475.22118  4475.2214   4.0 1 1 
	       1806.53 4474.75945  4474.7594   4.0 1 1 
	function chebyshev
	order 4
	sample *
	naverage 1
	niterate 2000
	low_reject 3.
	high_reject 3.
	grow 0.
	coefficients	8
		1.
		4.
		146.9603271484375
		1806.531005859375
		4505.842701421917
		-30.24794430555697
		-0.8357026377059668
		3.997960320006541E-4

