# Fri 12:10:08 21-Aug-2026
begin	identify tzc08 - Ap 8
	id	tzc08
	task	identify
	image	tzc08 - Ap 8
	aperture	8
	aplow	1006.97
	aphigh	1012.45
	units	Angstroms
	features	23
	         84.17 4371.32784   4371.329   4.0 1 1 
	        102.80 4370.75022  4370.7532   4.0 1 1 
	        196.05 4367.83489  4367.8316   4.0 1 1 
	        256.31 4365.92953  4365.9301   4.0 1 1 
	        376.75 4362.07058  4362.0662   4.0 1 1 
	        638.60 4353.44765  4353.4487   4.0 1 1 
	        675.50 4352.20701  4352.2049   4.0 1 1 
	        767.91 4349.07189  4349.0722   4.0 1 1 
	        797.36 4348.06434   4348.064   4.0 1 1 
	        844.83 4346.43192  4346.4367   4.0 1 1 
	        881.40 4345.16722   4345.168   4.0 1 1 
	        916.39 4343.95144  4343.9515   4.0 1 1 
	       1159.75 4335.33699  4335.3379   4.0 1 1 
	       1208.98 4333.56093  4333.5612   4.0 1 1 
	       1251.22   4332.028  4332.0297   4.0 1 1 
	       1273.92 4331.20081  4331.1995   4.0 1 1 
	       1336.27 4328.91624  4328.9154   4.0 1 1 
	       1571.65 4320.12938  4320.1264   4.0 1 1 
	       1616.73 4318.41689  4318.4157   4.0 1 1 
	       1699.27 4315.25747  4315.2543   4.0 1 1 
	       1757.86  4312.9953  4312.9975   4.0 1 1 
	       1854.38 4309.23395  4309.2392   4.0 1 1 
	       1906.66  4307.1786  4307.1762   4.0 1 1 
	function chebyshev
	order 4
	sample *
	naverage 1
	niterate 2000
	low_reject 3.
	high_reject 3.
	grow 0.
	coefficients	8
		1.
		4.
		84.16812133789061
		1906.664672851563
		4340.218688161214
		-32.07476068237868
		-0.9654719944005641
		1.397920912200453E-4

