# Tue 16:02:57 25-Aug-2026
begin	identify tzc27 - Ap 27
	id	tzc27
	task	identify
	image	tzc27 - Ap 27
	aperture	27
	aplow	1324.55
	aphigh	1332.97
	units	Angstroms
	features	19
	         27.26 5691.65862  5691.6612   4.0 1 1 
	        187.04 5685.19401  5685.1921   4.0 1 1 
	        382.99 5677.05487  5677.0529   4.0 1 1 
	        614.68 5667.13108  5667.1281   4.0 1 1 
	        649.10 5665.62902  5665.6283   4.0 1 1 
	        659.39 5665.17884  5665.1799   4.0 1 1 
	        672.10  5664.6215   5664.621   4.0 1 1 
	        823.12 5657.92476  5657.9255   4.0 1 1 
	        909.77    5654.02  5654.0234   4.0 1 1 
	        982.55 5650.70457  5650.7043   4.0 1 1 
	       1019.98 5648.98713   5648.991   4.0 1 1 
	       1218.23 5639.74777  5639.7461   4.0 1 1 
	       1353.74 5633.29441   5633.295   4.0 1 1 
	       1719.37 5615.32178  5615.3195   4.0 1 1 
	       1783.80  5612.0702  5612.0679   4.0 1 1 
	       1811.16 5610.68152  5610.6809   4.0 1 1 
	       1888.45 5606.73434   5606.733   4.0 1 1 
	       1931.61 5604.51393  5604.5154   4.0 1 1 
	       1987.91 5601.60036  5601.6032   4.0 1 1 
	function chebyshev
	order 4
	sample *
	naverage 1
	niterate 2000
	low_reject 3.
	high_reject 3.
	grow 0.
	coefficients	8
		1.
		4.
		27.25501251220703
		1987.911743164063
		5648.093188665937
		-45.02723734732347
		-1.463698707343555
		-0.001895323955058337

