# Fri 14:39:02 21-Aug-2026
begin	identify tzc43 - Ap 43
	id	tzc43
	task	identify
	image	tzc43 - Ap 43
	aperture	43
	aplow	1517.11
	aphigh	1523.84
	units	Angstroms
	features	11
	         29.90 7628.87875  7628.8818   4.0 1 1 
	         61.56 7627.17482  7627.1749   4.0 1 1 
	         88.67 7625.70974  7625.7053   4.0 1 1 
	        223.36  7618.3419  7618.3443   4.0 1 1 
	        411.15 7607.82498   7607.823   4.0 1 1 
	        729.98 7589.31521  7589.3151   4.0 1 1 
	       1084.93 7567.73846  7567.7417   4.0 1 1 
	       1375.43 7549.31643  7549.3138   4.0 1 1 
	       1735.80 7525.50762  7525.5079   4.0 1 1 
	       1936.42 7511.79261  7511.7902   4.0 1 1 
	       1956.44 7510.40568  7510.4082   4.0 1 1 
	function chebyshev
	order 4
	sample *
	naverage 1
	niterate 2000
	low_reject 3.
	high_reject 3.
	grow 0.
	coefficients	8
		1.
		4.
		29.89573287963867
		1956.441040039063
		7571.528318418242
		-59.23403769893863
		-1.8861032571535
		-0.0024995788342108

