# Fri 12:02:28 21-Aug-2026
begin	identify tzc07 - Ap 7
	id	tzc07
	task	identify
	image	tzc07 - Ap 7
	aperture	7
	aplow	986.04
	aphigh	992.65
	units	Angstroms
	features	18
	        194.93   4315.256  4315.2543   4.0 1 1 
	        267.24 4312.99521  4312.9975   4.0 1 1 
	        449.97 4307.17576  4307.1762   4.0 1 1 
	        649.41 4300.64946  4300.6495   4.0 1 1 
	        665.94 4300.10043  4300.1008   4.0 1 1 
	        749.37 4297.30949  4297.3066   4.0 1 1 
	        911.06 4291.81028  4291.8098   4.0 1 1 
	       1165.95 4282.89702  4282.8976   4.0 1 1 
	       1207.55 4281.41388  4281.4145   4.0 1 1 
	       1217.23 4281.06767  4281.0678   4.0 1 1 
	       1231.27 4280.56476   4280.568   4.0 1 1 
	       1293.52 4278.32387  4278.3232   4.0 1 1 
	       1315.56 4277.52601  4277.5282   4.0 1 1 
	       1380.56  4275.1605  4275.1596   4.0 1 1 
	       1429.71 4273.35895  4273.3574   4.0 1 1 
	       1461.95  4272.1711  4272.1689   4.0 1 1 
	       1801.73 4259.36223  4259.3619   4.0 1 1 
	       1850.10 4257.49547  4257.4963   4.0 1 1 
	function chebyshev
	order 4
	sample *
	naverage 1
	niterate 2000
	low_reject 3.
	high_reject 3.
	grow 0.
	coefficients	8
		1.
		4.
		194.9268951416016
		1850.097534179687
		4287.162646721042
		-28.87996450233466
		-0.7869109699591025
		-3.036851509453865E-4

