# Fri 13:55:59 21-Aug-2026
begin	identify tzc38 - Ap 38
	id	tzc38
	task	identify
	image	tzc38 - Ap 38
	aperture	38
	aplow	1462.67
	aphigh	1469.95
	units	Angstroms
	features	19
	        154.22 6889.29977  6889.3032   4.0 1 1 
	        176.97 6888.17401  6888.1742   4.0 1 1 
	        198.81 6887.08985  6887.0881   4.0 1 1 
	        348.06 6879.58582  6879.5824   4.0 1 1 
	        442.49   6874.754   6874.753   4.0 1 1 
	        509.42 6871.28998  6871.2891   4.0 1 1 
	        595.95 6866.76256  6866.7634   4.0 1 1 
	        657.03 6863.53336   6863.535   4.0 1 1 
	        699.58   6861.268  6861.2688   4.0 1 1 
	        832.44 6854.10805  6854.1093   4.0 1 1 
	       1177.19 6834.92461  6834.9246   4.0 1 1 
	       1279.98 6829.03547  6829.0355   4.0 1 1 
	       1310.86 6827.25125  6827.2488   4.0 1 1 
	       1355.19 6824.67723  6824.6774   4.0 1 1 
	       1375.27 6823.50681  6823.5084   4.0 1 1 
	       1627.78 6808.53196  6808.5311   4.0 1 1 
	       1910.05 6791.23499  6791.2351   4.0 1 1 
	       1948.38 6788.84077  6788.8403   4.0 1 1 
	       1966.02 6787.73561  6787.7364   4.0 1 1 
	function chebyshev
	order 4
	sample *
	naverage 1
	niterate 2000
	low_reject 3.
	high_reject 3.
	grow 0.
	coefficients	8
		1.
		4.
		154.2231292724609
		1966.018310546875
		6840.027265460411
		-50.78078082909033
		-1.509576493218577
		-0.001297808770647684

