# Fri 19:59:41 28-Aug-2026
begin	identify tzc21 - Ap 21
	id	tzc21
	task	identify
	image	tzc21 - Ap 21
	aperture	21
	aplow	1236.56
	aphigh	1244.81
	units	Angstroms
	features	17
	         54.40 5195.81312  5195.8136   4.0 1 1 
	         91.31 5194.45804  5194.4576   4.0 1 1 
	        829.02 5165.77314  5165.7728   4.0 1 1 
	        885.34 5163.45871  5163.4584   4.0 1 1 
	        913.71  5162.2859  5162.2846   4.0 1 1 
	        931.71 5161.53937  5161.5396   4.0 1 1 
	       1002.11 5158.60322  5158.6041   4.0 1 1 
	       1105.49 5154.24152   5154.243   4.0 1 1 
	       1167.17 5151.61059   5151.612   4.0 1 1 
	       1246.09 5148.21382  5148.2115   4.0 1 1 
	       1312.96 5145.30875  5145.3083   4.0 1 1 
	       1344.84 5143.91512  5143.9165   4.0 1 1 
	       1393.36 5141.78291  5141.7827   4.0 1 1 
	       1490.53 5137.47386  5137.4733   4.0 1 1 
	       1551.46 5134.74532   5134.746   4.0 1 1 
	       1689.44 5128.49067  5128.4897   4.0 1 1 
	       1978.54 5115.04444  5115.0448   4.0 1 1 
	function chebyshev
	order 4
	sample *
	naverage 1
	niterate 2000
	low_reject 3.
	high_reject 3.
	grow 0.
	coefficients	8
		1.
		4.
		54.40253448486328
		1978.536743164063
		5156.714830979298
		-40.38632702316101
		-1.286050090466179
		0.001987542492978117

