# Tue 17:29:53 25-Aug-2026
begin	identify tzc34 - Ap 34
	id	tzc34
	task	identify
	image	tzc34 - Ap 34
	aperture	34
	aplow	1415.6
	aphigh	1423.59
	units	Angstroms
	features	21
	        365.80 6387.39632  6387.3957   4.0 1 1 
	        422.24 6384.71686  6384.7169   4.0 1 1 
	        583.76 6376.92791  6376.9305   4.0 1 1 
	        685.17 6371.94605  6371.9436   4.0 1 1 
	        732.96 6369.57427  6369.5748   4.0 1 1 
	        826.39 6364.89141  6364.8937   4.0 1 1 
	        878.51 6362.25338  6362.2518   4.0 1 1 
	        949.60 6358.62456  6358.6211   4.0 1 1 
	       1002.35 6355.91019  6355.9108   4.0 1 1 
	       1140.02  6348.7352  6348.7375   4.0 1 1 
	       1189.58 6346.12013  6346.1209   4.0 1 1 
	       1250.95 6342.85912  6342.8595   4.0 1 1 
	       1310.53 6339.66837  6339.6684   4.0 1 1 
	       1348.51 6337.62204  6337.6201   4.0 1 1 
	       1462.62  6331.4131  6331.4137   4.0 1 1 
	       1537.74 6327.27753  6327.2778   4.0 1 1 
	       1554.18 6326.36717  6326.3669   4.0 1 1 
	       1718.23 6317.18232  6317.1824   4.0 1 1 
	       1884.97 6307.65786   6307.657   4.0 1 1 
	       1961.04 6303.24944  6303.2507   4.0 1 1 
	       2001.01 6300.91706  6300.9165   4.0 1 1 
	function chebyshev
	order 4
	sample *
	naverage 1
	niterate 2000
	low_reject 3.
	high_reject 3.
	grow 0.
	coefficients	8
		1.
		4.
		365.7987976074219
		2001.009399414063
		6345.301844316033
		-43.2397526656787
		-1.145154804462176
		1.224315915397044E-4

