# Mon 18:49:37 24-Aug-2026
begin	identify tzc12 - Ap 12
	id	tzc12
	task	identify
	image	tzc12 - Ap 12
	aperture	12
	aplow	1083.59
	aphigh	1090.89
	units	Angstroms
	features	15
	        168.78 4592.66586   4592.666   4.0 1 1 
	        252.29 4589.89827  4589.8978   4.0 1 1 
	        296.31 4588.42547  4588.4261   4.0 1 1 
	        561.49 4579.35066  4579.3495   4.0 1 1 
	        797.78 4570.97154  4570.9722   4.0 1 1 
	        900.61 4567.23891  4567.2403   4.0 1 1 
	        977.75 4564.40505  4564.4054   4.0 1 1 
	       1060.04 4561.34928  4561.3477   4.0 1 1 
	       1206.92 4555.81271  4555.8127   4.0 1 1 
	       1415.70 4547.76019  4547.7589   4.0 1 1 
	       1462.77 4545.91523  4545.9156   4.0 1 1 
	       1484.73 4545.05071  4545.0519   4.0 1 1 
	       1586.86 4540.99929   4540.999   4.0 1 1 
	       1729.53 4535.25435  4535.2546   4.0 1 1 
	       1844.50 4530.55247  4530.5523   4.0 1 1 
	function chebyshev
	order 4
	sample *
	naverage 1
	niterate 2000
	low_reject 3.
	high_reject 3.
	grow 0.
	coefficients	8
		1.
		4.
		168.776107788086
		1844.50439453125
		4562.472559504763
		-31.05789943507152
		-0.8633930073859598
		0.001205784911947386

# Mon 18:50:16 24-Aug-2026
begin	identify tzc12 - Ap 12
	id	tzc12
	task	identify
	image	tzc12 - Ap 12
	aperture	12
	aplow	1083.59
	aphigh	1090.89
	units	Angstroms
	features	16
	         84.82  4595.4173  4595.4206   4.0 1 1 
	        168.78 4592.66832   4592.666   4.0 1 1 
	        252.29 4589.89971  4589.8978   4.0 1 1 
	        296.31  4588.4265  4588.4261   4.0 1 1 
	        561.49 4579.34995  4579.3495   4.0 1 1 
	        797.78 4570.97072  4570.9722   4.0 1 1 
	        900.61 4567.23845  4567.2403   4.0 1 1 
	        977.75 4564.40448  4564.4054   4.0 1 1 
	       1060.04 4561.34905  4561.3477   4.0 1 1 
	       1206.92 4555.81267  4555.8127   4.0 1 1 
	       1415.70 4547.76064  4547.7589   4.0 1 1 
	       1462.77 4545.91571  4545.9156   4.0 1 1 
	       1484.73 4545.05126  4545.0519   4.0 1 1 
	       1586.86 4540.99978   4540.999   4.0 1 1 
	       1729.53 4535.25435  4535.2546   4.0 1 1 
	       1844.50  4530.5517  4530.5523   4.0 1 1 
	function chebyshev
	order 4
	sample *
	naverage 1
	niterate 2000
	low_reject 3.
	high_reject 3.
	grow 0.
	coefficients	8
		1.
		4.
		84.81776428222655
		1844.500000000001
		4563.935990203217
		-32.43306700550762
		-0.9514888730196503
		2.697771952317055E-4

