# Sun 23:45:30 16-Aug-2026
begin	identify tzc16 - Ap 16
	id	tzc16
	task	identify
	image	tzc16 - Ap 16
	aperture	16
	aplow	1155.
	aphigh	1162.89
	units	Angstroms
	features	18
	        169.39  4840.8471  4840.8492   4.0 1 1 
	        430.49 4831.59941  4831.5975   4.0 1 1 
	        443.63 4831.12479  4831.1213   4.0 1 1 
	        564.97 4826.69854  4826.7004   4.0 1 1 
	        648.51 4823.60681  4823.6058   4.0 1 1 
	        668.68 4822.85465  4822.8548   4.0 1 1 
	        702.53 4821.58812  4821.5878   4.0 1 1 
	        721.27 4820.88427  4820.8847   4.0 1 1 
	       1015.09 4809.61202   4809.614   4.0 1 1 
	       1052.81 4808.13212  4808.1337   4.0 1 1 
	       1106.40 4806.01757  4806.0205   4.0 1 1 
	       1357.39 4795.91519  4795.9131   4.0 1 1 
	       1422.35 4793.24729  4793.2446   4.0 1 1 
	       1515.38 4789.38823  4789.3868   4.0 1 1 
	       1568.92  4787.1474   4787.148   4.0 1 1 
	       1777.05 4778.29401   4778.294   4.0 1 1 
	       1802.62 4777.19103  4777.1915   4.0 1 1 
	       1834.91 4775.79314   4775.794   4.0 1 1 
	function chebyshev
	order 4
	sample *
	naverage 1
	niterate 2000
	low_reject 3.
	high_reject 3.
	grow 0.
	coefficients	8
		1.
		4.
		169.3885345458985
		1834.911865234375
		4809.218920762553
		-32.52715921584747
		-0.8987995669767212
		1.755765731600986E-4

# Fri 13:10:07 21-Aug-2026
begin	identify tzc16 - Ap 16
	id	tzc16
	task	identify
	image	tzc16 - Ap 16
	aperture	16
	aplow	1155.
	aphigh	1162.89
	units	Angstroms
	features	22
	        169.39 4840.84616  4840.8492   4.0 1 1 
	        396.99 4832.80516  4832.8025   4.0 1 1 
	        430.49 4831.59903  4831.5975   4.0 1 1 
	        443.63 4831.12438  4831.1213   4.0 1 1 
	        564.97 4826.69833  4826.7004   4.0 1 1 
	        648.51  4823.6068  4823.6058   4.0 1 1 
	        668.68  4822.8548  4822.8548   4.0 1 1 
	        702.53 4821.58823  4821.5878   4.0 1 1 
	        721.27 4820.88447  4820.8847   4.0 1 1 
	        927.90 4813.00414  4813.0069   4.0 1 1 
	        944.14 4812.37531  4812.3755   4.0 1 1 
	       1015.09 4809.61223   4809.614   4.0 1 1 
	       1052.81 4808.13269  4808.1337   4.0 1 1 
	       1106.40 4806.01796  4806.0205   4.0 1 1 
	       1357.39 4795.91556  4795.9131   4.0 1 1 
	       1422.35 4793.24762  4793.2446   4.0 1 1 
	       1515.38 4789.38857  4789.3868   4.0 1 1 
	       1568.92  4787.1474   4787.148   4.0 1 1 
	       1777.05 4778.29395   4778.294   4.0 1 1 
	       1802.62 4777.19071  4777.1915   4.0 1 1 
	       1834.91 4775.79273   4775.794   4.0 1 1 
	       1845.96 4775.31338   4775.313   4.0 1 1 
	function chebyshev
	order 4
	sample *
	naverage 1
	niterate 2000
	low_reject 3.
	high_reject 3.
	grow 0.
	coefficients	8
		1.
		4.
		169.3900000000001
		1845.955200195312
		4808.991036686618
		-32.76650308461058
		-0.9112672552542775
		1.171367227230735E-4

