# Fri 11:43:42 21-Aug-2026
begin	identify tzc05 - Ap 5
	id	tzc05
	task	identify
	image	tzc05 - Ap 5
	aperture	5
	aplow	943.41
	aphigh	950.7
	units	Angstroms
	features	14
	        287.22 4210.92705  4210.9232   4.0 1 1 
	        353.23   4208.885  4208.8907   4.0 1 1 
	        612.53 4200.67508  4200.6745   4.0 1 1 
	        685.29 4198.31731   4198.317   4.0 1 1 
	        788.39 4194.93615  4194.9318   4.0 1 1 
	        846.30 4193.01615  4193.0164   4.0 1 1 
	        905.78 4191.02854  4191.0294   4.0 1 1 
	        915.21 4190.71187  4190.7129   4.0 1 1 
	       1173.59 4181.88293  4181.8836   4.0 1 1 
	       1282.90 4178.05796  4178.0597   4.0 1 1 
	       1493.72 4170.53036  4170.5333   4.0 1 1 
	       1624.28 4165.76928  4165.7661   4.0 1 1 
	       1667.31 4164.18325  4164.1795   4.0 1 1 
	       1817.38 4158.58765  4158.5905   4.0 1 1 
	function chebyshev
	order 4
	sample *
	naverage 1
	niterate 2000
	low_reject 3.
	high_reject 3.
	grow 0.
	coefficients	8
		1.
		4.
		287.2187194824219
		1817.382690429687
		4185.410939194661
		-26.1697601404602
		-0.6535847732561407
		6.017205575991605E-5

