# Fri 14:09:49 21-Aug-2026
begin	identify tzc40 - Ap 40
	id	tzc40
	task	identify
	image	tzc40 - Ap 40
	aperture	40
	aplow	1485.05
	aphigh	1491.98
	units	Angstroms
	features	16
	         75.05 7168.89418  7168.8952   4.0 1 1 
	        431.87 7150.28705  7150.2844   4.0 1 1 
	        875.14 7125.82006    7125.82   4.0 1 1 
	        897.26  7124.5595  7124.5607   4.0 1 1 
	       1073.30  7114.3967  7114.3984   4.0 1 1 
	       1190.87 7107.47734  7107.4778   4.0 1 1 
	       1490.92 7089.33953  7089.3395   4.0 1 1 
	       1533.56 7086.70614  7086.7044   4.0 1 1 
	       1574.43 7084.16866   7084.169   4.0 1 1 
	       1715.17 7075.33356  7075.3336   4.0 1 1 
	       1761.47 7072.39445  7072.3939   4.0 1 1 
	       1818.71 7068.73729  7068.7358   4.0 1 1 
	       1885.28 7064.45233  7064.4515   4.0 1 1 
	       1932.50 7061.39276  7061.3942   4.0 1 1 
	       1943.88 7060.65287  7060.6538   4.0 1 1 
	       1953.27 7060.04148  7060.0417   4.0 1 1 
	function chebyshev
	order 4
	sample *
	naverage 1
	niterate 2000
	low_reject 3.
	high_reject 3.
	grow 0.
	coefficients	8
		1.
		4.
		75.04769897460937
		1953.266967773438
		7116.15271498982
		-54.42538222306905
		-1.684886187879102
		-9.681841515020119E-4

