# Fri 14:01:43 21-Aug-2026
begin	identify tzc39 - Ap 39
	id	tzc39
	task	identify
	image	tzc39 - Ap 39
	aperture	39
	aplow	1474.06
	aphigh	1480.99
	units	Angstroms
	features	10
	         36.57  7030.2502  7030.2514   4.0 1 1 
	        268.44 7018.56976  7018.5675   4.0 1 1 
	        568.03 7002.88533  7002.8829   4.0 1 1 
	        606.91 7000.80099  7000.8036   4.0 1 1 
	        764.91 6992.21343  6992.2126   4.0 1 1 
	        811.38 6989.65257  6989.6553   4.0 1 1 
	       1325.27 6960.25036    6960.25   4.0 1 1 
	       1472.20  6951.4793  6951.4776   4.0 1 1 
	       1601.75 6943.61052  6943.6105   4.0 1 1 
	       1698.32 6937.66315  6937.6642   4.0 1 1 
	function chebyshev
	order 4
	sample *
	naverage 1
	niterate 2000
	low_reject 3.
	high_reject 3.
	grow 0.
	coefficients	8
		1.
		4.
		36.56944274902344
		1698.316162109375
		6985.248805398752
		-46.29168737655605
		-1.292132102522415
		-0.001835763707951712

