# Sun 23:48:17 16-Aug-2026
begin	identify tzc17 - Ap 17
	id	tzc17
	task	identify
	image	tzc17 - Ap 17
	aperture	17
	aplow	1172.02
	aphigh	1179.88
	units	Angstroms
	features	18
	        236.92 4904.75011  4904.7516   4.0 1 1 
	        507.00 4894.95581  4894.9551   4.0 1 1 
	        566.09 4892.76146  4892.7592   4.0 1 1 
	        665.08 4889.04356  4889.0422   4.0 1 1 
	        842.65 4882.24447  4882.2432   4.0 1 1 
	        869.48 4881.20295  4881.2046   4.0 1 1 
	        932.72 4878.73223   4878.733   4.0 1 1 
	       1043.27   4874.363  4874.3645   4.0 1 1 
	       1120.10 4871.28816   4871.289   4.0 1 1 
	       1179.74 4868.88035  4868.8814   4.0 1 1 
	       1263.26 4865.47652  4865.4775   4.0 1 1 
	       1354.52 4861.71581  4861.7173   4.0 1 1 
	       1366.53 4861.21751  4861.2167   4.0 1 1 
	       1565.12 4852.87046  4852.8685   4.0 1 1 
	       1622.02 4850.44111  4850.4397   4.0 1 1 
	       1670.37 4848.36327  4848.3625   4.0 1 1 
	       1683.14  4847.8122  4847.8095   4.0 1 1 
	       1842.99 4840.84574  4840.8492   4.0 1 1 
	function chebyshev
	order 4
	sample *
	naverage 1
	niterate 2000
	low_reject 3.
	high_reject 3.
	grow 0.
	coefficients	8
		1.
		4.
		236.9162902832032
		1842.989501953125
		4873.646420310563
		-31.95396423261193
		-0.8484981955260037
		0.00177940583042712

# Fri 13:18:57 21-Aug-2026
begin	identify tzc17 - Ap 17
	id	tzc17
	task	identify
	image	tzc17 - Ap 17
	aperture	17
	aplow	1172.02
	aphigh	1179.88
	units	Angstroms
	features	24
	        236.92 4904.74975  4904.7516   4.0 1 1 
	        507.00  4894.9561  4894.9551   4.0 1 1 
	        547.72 4893.44571  4893.4453   4.0 1 1 
	        566.09 4892.76171  4892.7592   4.0 1 1 
	        665.08 4889.04385  4889.0422   4.0 1 1 
	        842.65  4882.2446  4882.2432   4.0 1 1 
	        869.48 4881.20304  4881.2046   4.0 1 1 
	        932.72 4878.73232   4878.733   4.0 1 1 
	        951.18 4878.00701  4878.0094   4.0 1 1 
	       1043.27 4874.36274  4874.3645   4.0 1 1 
	       1079.48 4872.91752  4872.9169   4.0 1 1 
	       1120.10 4871.28791   4871.289   4.0 1 1 
	       1179.74 4868.88002  4868.8814   4.0 1 1 
	       1252.59 4865.91294    4865.91   4.0 1 1 
	       1263.26  4865.4762  4865.4775   4.0 1 1 
	       1354.52 4861.71524  4861.7173   4.0 1 1 
	       1366.53 4861.21693  4861.2167   4.0 1 1 
	       1565.12 4852.86973  4852.8685   4.0 1 1 
	       1622.02 4850.44037  4850.4397   4.0 1 1 
	       1635.46 4849.86402  4849.8617   4.0 1 1 
	       1670.37 4848.36241  4848.3625   4.0 1 1 
	       1683.14  4847.8116  4847.8095   4.0 1 1 
	       1744.26 4845.16377  4845.1626   4.0 1 1 
	       1842.99 4840.84513  4840.8492   4.0 1 1 
	function chebyshev
	order 4
	sample *
	naverage 1
	niterate 2000
	low_reject 3.
	high_reject 3.
	grow 0.
	coefficients	8
		1.
		4.
		236.92
		1842.990000000001
		4873.64607113491
		-31.95432916596224
		-0.8486312296954155
		0.002023084235943239

