# Fri 11:52:04 21-Aug-2026
begin	identify tzc06 - Ap 6
	id	tzc06
	task	identify
	image	tzc06 - Ap 6
	aperture	6
	aplow	964.83
	aphigh	971.9
	units	Angstroms
	features	24
	        310.04 4260.33083   4260.333   4.0 1 1 
	        340.91 4259.36363  4259.3619   4.0 1 1 
	        367.81 4258.51738  4258.5204   4.0 1 1 
	        400.08 4257.49802  4257.4963   4.0 1 1 
	        439.27 4256.25377  4256.2537   4.0 1 1 
	        523.95 4253.54132  4253.5385   4.0 1 1 
	        596.79 4251.18238  4251.1846   4.0 1 1 
	        623.36  4250.3158  4250.3146   4.0 1 1 
	        705.96 4247.60185  4247.5988   4.0 1 1 
	        900.33 4241.09394  4241.0948   4.0 1 1 
	       1013.73 4237.21809  4237.2198   4.0 1 1 
	       1064.53 4235.46285  4235.4636   4.0 1 1 
	       1208.47 4230.42589  4230.4267   4.0 1 1 
	       1224.33 4229.86534  4229.8644   4.0 1 1 
	       1244.65 4229.14515  4229.1477   4.0 1 1 
	       1272.40  4228.1586   4228.158   4.0 1 1 
	       1294.05 4227.38656  4227.3872   4.0 1 1 
	       1425.94 4222.63758  4222.6373   4.0 1 1 
	       1534.60 4218.66555  4218.6649   4.0 1 1 
	       1568.08 4217.43096  4217.4308   4.0 1 1 
	       1638.19 4214.82886  4214.8285   4.0 1 1 
	       1685.25 4213.06973  4213.0673   4.0 1 1 
	       1742.31  4210.9232  4210.9232   4.0 1 1 
	       2009.52 4200.67325  4200.6745   4.0 1 1 
	function chebyshev
	order 4
	sample *
	naverage 1
	niterate 2000
	low_reject 3.
	high_reject 3.
	grow 0.
	coefficients	8
		1.
		4.
		310.0368347167969
		2009.52197265625
		4231.32115805933
		-29.82766923081764
		-0.8191189233956068
		-0.001120167665389834

# Mon 18:32:26 24-Aug-2026
begin	identify tzc06 - Ap 6
	id	tzc06
	task	identify
	image	tzc06 - Ap 6
	aperture	6
	aplow	964.83
	aphigh	971.9
	units	Angstroms
	features	26
	        310.04 4260.33069   4260.333   4.0 1 1 
	        340.91 4259.36363  4259.3619   4.0 1 1 
	        367.81 4258.51744  4258.5204   4.0 1 1 
	        400.08 4257.49803  4257.4963   4.0 1 1 
	        439.27  4256.2537  4256.2537   4.0 1 1 
	        523.95 4253.54136  4253.5385   4.0 1 1 
	        596.79 4251.18239  4251.1846   4.0 1 1 
	        623.36 4250.31594  4250.3146   4.0 1 1 
	        705.96 4247.60199  4247.5988   4.0 1 1 
	        900.33 4241.09398  4241.0948   4.0 1 1 
	       1013.73 4237.21808  4237.2198   4.0 1 1 
	       1064.53 4235.46288  4235.4636   4.0 1 1 
	       1197.23 4230.82286  4230.8242   4.0 1 1 
	       1208.47 4230.42604  4230.4267   4.0 1 1 
	       1224.33  4229.8653  4229.8644   4.0 1 1 
	       1244.65 4229.14522  4229.1477   4.0 1 1 
	       1272.40  4228.1588   4228.158   4.0 1 1 
	       1294.05 4227.38678  4227.3872   4.0 1 1 
	       1305.21 4226.98787  4226.9876   4.0 1 1 
	       1425.94 4222.63772  4222.6373   4.0 1 1 
	       1534.60 4218.66566  4218.6649   4.0 1 1 
	       1568.08 4217.43097  4217.4308   4.0 1 1 
	       1638.19 4214.82888  4214.8285   4.0 1 1 
	       1685.25 4213.06971  4213.0673   4.0 1 1 
	       1742.31 4210.92317  4210.9232   4.0 1 1 
	       2009.52 4200.67321  4200.6745   4.0 1 1 
	function chebyshev
	order 4
	sample *
	naverage 1
	niterate 2000
	low_reject 3.
	high_reject 3.
	grow 0.
	coefficients	8
		1.
		4.
		310.0400000000001
		2009.520000000001
		4231.321150870651
		-29.82765845847255
		-0.8192011642007857
		-0.00108568144709404

