# Tue 17:21:39 25-Aug-2026
begin	identify tzc33 - Ap 33
	id	tzc33
	task	identify
	image	tzc33 - Ap 33
	aperture	33
	aplow	1403.32
	aphigh	1411.23
	units	Angstroms
	features	15
	        392.33 6274.11635  6274.1166   4.0 1 1 
	        659.52 6261.41866  6261.4181   4.0 1 1 
	        741.54 6257.42398  6257.4237   4.0 1 1 
	       1027.92 6243.12035  6243.1201   4.0 1 1 
	       1070.40 6240.95153  6240.9536   4.0 1 1 
	       1188.54 6234.85589  6234.8554   4.0 1 1 
	       1350.05 6226.37042  6226.3697   4.0 1 1 
	       1384.68 6224.52811  6224.5272   4.0 1 1 
	       1468.94  6220.0116  6220.0112   4.0 1 1 
	       1544.22 6215.93635  6215.9383   4.0 1 1 
	       1702.92 6207.22054  6207.2201   4.0 1 1 
	       1769.87 6203.49309  6203.4925   4.0 1 1 
	       1863.62 6198.22263  6198.2227   4.0 1 1 
	       1974.65 6191.90467  6191.9053   4.0 1 1 
	       2040.38 6188.12542  6188.1251   4.0 1 1 
	function chebyshev
	order 4
	sample *
	naverage 1
	niterate 2000
	low_reject 3.
	high_reject 3.
	grow 0.
	coefficients	8
		1.
		4.
		392.3313903808594
		2040.375244140625
		6232.263929378067
		-42.99644337147613
		-1.143043365421283
		9.808227638797449E-4

