# Sun 23:29:47 16-Aug-2026
begin	identify tzc37 - Ap 37
	id	tzc37
	task	identify
	image	tzc37 - Ap 37
	aperture	37
	aplow	1451.19
	aphigh	1458.77
	units	Angstroms
	features	20
	        213.11 6756.45332  6756.4528   4.0 1 1 
	        286.82 6752.83233  6752.8335   4.0 1 1 
	        577.26 6738.17973    6738.18   4.0 1 1 
	        662.74 6733.75101  6733.7488   4.0 1 1 
	        782.48 6727.45803  6727.4583   4.0 1 1 
	       1032.74 6713.97049    6713.97   4.0 1 1 
	       1082.22 6711.25035  6711.2521   4.0 1 1 
	       1323.83 6697.71257  6697.7123   4.0 1 1 
	       1380.11 6694.49876  6694.4967   4.0 1 1 
	       1388.75 6694.00343  6694.0068   4.0 1 1 
	       1556.24 6684.29271  6684.2929   4.0 1 1 
	       1572.03 6683.36669  6683.3673   4.0 1 1 
	       1651.04  6678.7065  6678.7067   4.0 1 1 
	       1674.99 6677.28521  6677.2817   4.0 1 1 
	       1718.43 6674.69621  6674.6969   4.0 1 1 
	       1856.80 6666.35933  6666.3588   4.0 1 1 
	       1894.71  6664.0512   6664.051   4.0 1 1 
	       1923.88  6662.2682  6662.2686   4.0 1 1 
	       1949.84 6660.67628  6660.6761   4.0 1 1 
	       1982.34 6658.67638  6658.6774   4.0 1 1 
	function chebyshev
	order 4
	sample *
	naverage 1
	niterate 2000
	low_reject 3.
	high_reject 3.
	grow 0.
	coefficients	8
		1.
		4.
		213.1100006103515
		1982.33642578125
		6708.979639680293
		-48.88936637718756
		-1.414792497829984
		8.982738572447924E-4

# Sun 23:29:58 16-Aug-2026
begin	identify tzc37 - Ap 37
	id	tzc37
	task	identify
	image	tzc37 - Ap 37
	aperture	37
	aplow	1451.19
	aphigh	1458.77
	units	Angstroms
	features	20
	        213.11 6756.45339  6756.4528   4.0 1 1 
	        286.82 6752.83217  6752.8335   4.0 1 1 
	        577.26 6738.17984    6738.18   4.0 1 1 
	        662.74 6733.75101  6733.7488   4.0 1 1 
	        782.48  6727.4581  6727.4583   4.0 1 1 
	       1032.74 6713.97055    6713.97   4.0 1 1 
	       1082.22 6711.25022  6711.2521   4.0 1 1 
	       1323.83 6697.71264  6697.7123   4.0 1 1 
	       1380.11 6694.49866  6694.4967   4.0 1 1 
	       1388.75 6694.00323  6694.0068   4.0 1 1 
	       1556.24 6684.29262  6684.2929   4.0 1 1 
	       1572.03 6683.36672  6683.3673   4.0 1 1 
	       1651.04 6678.70665  6678.7067   4.0 1 1 
	       1674.99 6677.28517  6677.2817   4.0 1 1 
	       1718.43 6674.69635  6674.6969   4.0 1 1 
	       1856.80 6666.35948  6666.3588   4.0 1 1 
	       1894.71 6664.05129   6664.051   4.0 1 1 
	       1923.88  6662.2682  6662.2686   4.0 1 1 
	       1949.84 6660.67617  6660.6761   4.0 1 1 
	       1982.34 6658.67623  6658.6774   4.0 1 1 
	function chebyshev
	order 4
	sample *
	naverage 1
	niterate 2000
	low_reject 3.
	high_reject 3.
	grow 0.
	coefficients	8
		1.
		4.
		213.11
		1982.34
		6708.979471519543
		-48.88949695417291
		-1.414662568908993
		9.170375111450510E-4

# Sun 23:30:28 16-Aug-2026
begin	identify tzc37 - Ap 37
	id	tzc37
	task	identify
	image	tzc37 - Ap 37
	aperture	37
	aplow	1451.19
	aphigh	1458.77
	units	Angstroms
	features	18
	        213.11 6756.45354  6756.4528   4.0 1 1 
	        286.82 6752.83225  6752.8335   4.0 1 1 
	        577.26 6738.17968    6738.18   4.0 1 1 
	        662.74  6733.7508  6733.7488   4.0 1 1 
	        782.48 6727.45785  6727.4583   4.0 1 1 
	       1032.74 6713.97029    6713.97   4.0 1 1 
	       1082.22 6711.24996  6711.2521   4.0 1 1 
	       1323.83 6697.71246  6697.7123   4.0 1 1 
	       1380.11 6694.49851  6694.4967   4.0 1 1 
	       1556.24 6684.29257  6684.2929   4.0 1 1 
	       1572.03 6683.36667  6683.3673   4.0 1 1 
	       1651.04 6678.70666  6678.7067   4.0 1 1 
	       1718.43 6674.69641  6674.6969   4.0 1 1 
	       1856.80 6666.35965  6666.3588   4.0 1 1 
	       1894.71  6664.0515   6664.051   4.0 1 1 
	       1923.88 6662.26844  6662.2686   4.0 1 1 
	       1949.84 6660.67643  6660.6761   4.0 1 1 
	       1982.34 6658.67652  6658.6774   4.0 1 1 
	function chebyshev
	order 4
	sample *
	naverage 1
	niterate 2000
	low_reject 3.
	high_reject 3.
	grow 0.
	coefficients	8
		1.
		4.
		213.11
		1982.34
		6708.979456252474
		-48.88940649760194
		-1.41442488768513
		8.932196774023539E-4

# Fri 13:45:08 21-Aug-2026
begin	identify tzc37 - Ap 37
	id	tzc37
	task	identify
	image	tzc37 - Ap 37
	aperture	37
	aplow	1451.19
	aphigh	1458.77
	units	Angstroms
	features	20
	        213.11 6756.45392  6756.4528   4.0 1 1 
	        286.82 6752.83268  6752.8335   4.0 1 1 
	        485.37 6742.88222  6742.8845   4.0 1 1 
	        577.26 6738.18003    6738.18   4.0 1 1 
	        662.74 6733.75124  6733.7488   4.0 1 1 
	        782.48 6727.45839  6727.4583   4.0 1 1 
	       1032.74 6713.97077    6713.97   4.0 1 1 
	       1082.22 6711.25036  6711.2521   4.0 1 1 
	       1323.83 6697.71253  6697.7123   4.0 1 1 
	       1380.11 6694.49872  6694.4967   4.0 1 1 
	       1411.01 6692.72471  6692.7262   4.0 1 1 
	       1556.24 6684.29277  6684.2929   4.0 1 1 
	       1572.03 6683.36687  6683.3673   4.0 1 1 
	       1651.04 6678.70654  6678.7067   4.0 1 1 
	       1718.43 6674.69652  6674.6969   4.0 1 1 
	       1856.80 6666.35967  6666.3588   4.0 1 1 
	       1894.71 6664.05149   6664.051   4.0 1 1 
	       1923.88 6662.26841  6662.2686   4.0 1 1 
	       1949.84 6660.67639  6660.6761   4.0 1 1 
	       1982.34 6658.67668  6658.6774   4.0 1 1 
	function chebyshev
	order 4
	sample *
	naverage 1
	niterate 2000
	low_reject 3.
	high_reject 3.
	grow 0.
	coefficients	8
		1.
		4.
		213.11
		1982.33642578125
		6708.979867043467
		-48.88955458995115
		-1.414566173761795
		9.305813493926509E-4

# Tue 19:10:28 25-Aug-2026
begin	identify tzc37 - Ap 37
	id	tzc37
	task	identify
	image	tzc37 - Ap 37
	aperture	37
	aplow	1451.19
	aphigh	1458.77
	units	Angstroms
	features	20
	        213.11 6756.45392  6756.4528   4.0 1 1 
	        286.82 6752.83267  6752.8335   4.0 1 1 
	        485.37 6742.88212  6742.8845   4.0 1 1 
	        577.26 6738.18019    6738.18   4.0 1 1 
	        662.74  6733.7513  6733.7488   4.0 1 1 
	        782.48 6727.45834  6727.4583   4.0 1 1 
	       1032.74  6713.9707    6713.97   4.0 1 1 
	       1082.22 6711.25035  6711.2521   4.0 1 1 
	       1323.83 6697.71273  6697.7123   4.0 1 1 
	       1380.11 6694.49875  6694.4967   4.0 1 1 
	       1411.01 6692.72441  6692.7262   4.0 1 1 
	       1556.24 6684.29272  6684.2929   4.0 1 1 
	       1572.03 6683.36682  6683.3673   4.0 1 1 
	       1651.04 6678.70677  6678.7067   4.0 1 1 
	       1718.43 6674.69649  6674.6969   4.0 1 1 
	       1856.80 6666.35969  6666.3588   4.0 1 1 
	       1894.71 6664.05153   6664.051   4.0 1 1 
	       1923.88 6662.26845  6662.2686   4.0 1 1 
	       1949.84 6660.67644  6660.6761   4.0 1 1 
	       1982.34 6658.67652  6658.6774   4.0 1 1 
	function chebyshev
	order 4
	sample *
	naverage 1
	niterate 2000
	low_reject 3.
	high_reject 3.
	grow 0.
	coefficients	8
		1.
		4.
		213.11
		1982.34
		6708.979741012823
		-48.8896449423967
		-1.414520352701665
		9.470679363579641E-4

