# Sun 23:26:53 16-Aug-2026
begin	identify tzc36 - Ap 36
	id	tzc36
	task	identify
	image	tzc36 - Ap 36
	aperture	36
	aplow	1439.55
	aphigh	1447.08
	units	Angstroms
	features	15
	         36.14 6639.73798  6639.7403   4.0 1 1 
	         53.83 6638.91015  6638.9119   4.0 1 1 
	         68.47 6638.22364  6638.2207   4.0 1 1 
	        446.82 6619.94837  6619.9458   4.0 1 1 
	        482.59 6618.16783  6618.1668   4.0 1 1 
	        744.57 6604.85471  6604.8534   4.0 1 1 
	        847.69 6599.48184  6599.4824   4.0 1 1 
	        952.62 6593.93702  6593.9391   4.0 1 1 
	        998.59 6591.48306  6591.4845   4.0 1 1 
	       1053.43 6588.53673  6588.5396   4.0 1 1 
	       1138.82 6583.90644   6583.906   4.0 1 1 
	       1260.58 6577.21507  6577.2146   4.0 1 1 
	       1487.87 6564.44367  6564.4445   4.0 1 1 
	       1666.24 6554.16604  6554.1603   4.0 1 1 
	       1937.43 6538.10933   6538.112   4.0 1 1 
	function chebyshev
	order 4
	sample *
	naverage 1
	niterate 2000
	low_reject 3.
	high_reject 3.
	grow 0.
	coefficients	8
		1.
		4.
		36.14487075805664
		1937.431030273438
		6590.519163323039
		-50.81453182169526
		-1.595505441495038
		2.075387105796375E-4

# Tue 17:42:54 25-Aug-2026
begin	identify tzc36 - Ap 36
	id	tzc36
	task	identify
	image	tzc36 - Ap 36
	aperture	36
	aplow	1439.55
	aphigh	1447.08
	units	Angstroms
	features	15
	         36.14 6639.73815  6639.7403   4.0 1 1 
	         53.83 6638.91026  6638.9119   4.0 1 1 
	         68.47 6638.22343  6638.2207   4.0 1 1 
	        446.82 6619.94812  6619.9458   4.0 1 1 
	        482.59 6618.16779  6618.1668   4.0 1 1 
	        744.57 6604.85486  6604.8534   4.0 1 1 
	        847.69 6599.48183  6599.4824   4.0 1 1 
	        952.62 6593.93703  6593.9391   4.0 1 1 
	        998.59 6591.48333  6591.4845   4.0 1 1 
	       1053.43 6588.53675  6588.5396   4.0 1 1 
	       1138.82 6583.90644   6583.906   4.0 1 1 
	       1260.58  6577.2149  6577.2146   4.0 1 1 
	       1487.87 6564.44371  6564.4445   4.0 1 1 
	       1666.24 6554.16587  6554.1603   4.0 1 1 
	       1937.43 6538.10943   6538.112   4.0 1 1 
	function chebyshev
	order 4
	sample *
	naverage 1
	niterate 2000
	low_reject 3.
	high_reject 3.
	grow 0.
	coefficients	8
		1.
		4.
		36.14000000000001
		1937.43
		6590.519310981585
		-50.81455718040622
		-1.595522864616075
		1.975611226884332E-4

