# Fri 11:22:18 21-Aug-2026
begin	identify tzc02 - Ap 2
	id	tzc02
	task	identify
	image	tzc02 - Ap 2
	aperture	2
	aplow	876.24
	aphigh	884.39
	units	Angstroms
	features	19
	        118.11 4072.37772  4072.3849   4.0 1 1 
	        131.12 4072.00009  4071.9967   4.0 1 1 
	        285.91 4067.44988  4067.4507   4.0 1 1 
	        389.85 4064.33516  4064.3315   4.0 1 1 
	        420.30 4063.41378  4063.4071   4.0 1 1 
	        739.14 4053.52432  4053.5277   4.0 1 1 
	        758.17  4052.9203  4052.9208   4.0 1 1 
	        851.15 4049.94618  4049.9447   4.0 1 1 
	       1021.04 4044.41623  4044.4179   4.0 1 1 
	       1052.12 4043.39134  4043.3948   4.0 1 1 
	       1067.22 4042.89186  4042.8937   4.0 1 1 
	       1256.14 4036.56212  4036.5652   4.0 1 1 
	       1271.32 4036.04707  4036.0479   4.0 1 1 
	       1422.97 4030.84796  4030.8424   4.0 1 1 
	       1533.08 4027.01266  4027.0091   4.0 1 1 
	       1595.99 4024.79907  4024.8025   4.0 1 1 
	       1754.84 4019.13639  4019.1289   4.0 1 1 
	       1900.50 4013.85311  4013.8566   4.0 1 1 
	       1937.62 4012.49306  4012.4952   4.0 1 1 
	function chebyshev
	order 4
	sample *
	naverage 1
	niterate 2000
	low_reject 3.
	high_reject 3.
	grow 0.
	coefficients	8
		1.
		4.
		118.1060028076172
		1937.619995117188
		4043.313538223373
		-29.94848280629984
		-0.878151333256002
		0.006152499239627671

