# Mon 18:54:13 24-Aug-2026
begin	identify tzc22 - Ap 22
	id	tzc22
	task	identify
	image	tzc22 - Ap 22
	aperture	22
	aplow	1252.13
	aphigh	1259.98
	units	Angstroms
	features	0
	function chebyshev
	order 4
	sample *
	naverage 1
	niterate 2000
	low_reject 3.
	high_reject 3.
	grow 0.
	coefficients	8
		1.
		4.
		200.5861511230468
		1861.840576171875
		5232.886597413733
		-34.67454594656559
		-1.421600864117684
		-0.827777506108014

# Mon 19:11:04 24-Aug-2026
begin	identify tzc22 - Ap 22
	id	tzc22
	task	identify
	image	tzc22 - Ap 22
	aperture	22
	aplow	1252.13
	aphigh	1259.98
	units	Angstroms
	features	20
	        200.59 5266.70778  5266.7103   4.0 1 1 
	        372.28 5260.10596  5260.1041   4.0 1 1 
	        416.90 5258.36251  5258.3602   4.0 1 1 
	        684.84 5247.65591  5247.6547   4.0 1 1 
	        865.74 5240.19653  5240.1968   4.0 1 1 
	        881.21 5239.54996   5239.552   4.0 1 1 
	        898.79 5238.81348  5238.8137   4.0 1 1 
	       1030.89 5233.22421  5233.2254   4.0 1 1 
	       1079.15 5231.15794  5231.1597   4.0 1 1 
	       1147.10 5228.22562  5228.2246   4.0 1 1 
	       1354.64 5219.10921  5219.1099   4.0 1 1 
	       1482.94 5213.35245  5213.3492   4.0 1 1 
	       1529.74 5211.22941  5211.2305   4.0 1 1 
	       1562.78  5209.7232  5209.7246   4.0 1 1 
	       1662.18  5205.1547  5205.1522   4.0 1 1 
	       1790.73 5199.16468  5199.1637   4.0 1 1 
	       1798.46  5198.8017  5198.7999   4.0 1 1 
	       1861.84 5195.81159  5195.8136   4.0 1 1 
	       1890.43  5194.4556  5194.4576   4.0 1 1 
	       2030.48 5187.74648  5187.7462   4.0 1 1 
	function chebyshev
	order 4
	sample *
	naverage 1
	niterate 2000
	low_reject 3.
	high_reject 3.
	grow 0.
	coefficients	8
		1.
		4.
		200.5861663818359
		2030.478637695313
		5228.409129168001
		-39.48329429538686
		-1.181998405860193
		0.002645416043195381

