# Tue 15:41:43 25-Aug-2026
begin	identify tzc25 - Ap 25
	id	tzc25
	task	identify
	image	tzc25 - Ap 25
	aperture	25
	aplow	1296.28
	aphigh	1304.85
	units	Angstroms
	features	19
	         70.59 5514.87028  5514.8731   4.0 1 1 
	        194.46 5509.99508  5509.9938   4.0 1 1 
	        336.22 5504.30522  5504.3018   4.0 1 1 
	        459.60 5499.25664  5499.2554   4.0 1 1 
	        540.99 5495.87724  5495.8738   4.0 1 1 
	        577.94 5494.33015  5494.3306   4.0 1 1 
	        604.78 5493.20126   5493.204   4.0 1 1 
	        618.07 5492.64053  5492.6435   4.0 1 1 
	       1118.93 5470.75655  5470.7591   4.0 1 1 
	       1262.63 5464.20452  5464.2055   4.0 1 1 
	       1518.86 5452.22015  5452.2187   4.0 1 1 
	       1530.73  5451.6555   5451.652   4.0 1 1 
	       1576.37 5449.47678  5449.4788   4.0 1 1 
	       1624.70 5447.15635  5447.1536   4.0 1 1 
	       1759.70  5440.6021  5440.6015   4.0 1 1 
	       1772.24 5439.98771  5439.9891   4.0 1 1 
	       1825.15 5437.38575  5437.3877   4.0 1 1 
	       1890.44 5434.15216  5434.1514   4.0 1 1 
	       1951.37 5431.11143   5431.112   4.0 1 1 
	function chebyshev
	order 4
	sample *
	naverage 1
	niterate 2000
	low_reject 3.
	high_reject 3.
	grow 0.
	coefficients	8
		1.
		4.
		70.58528900146484
		1951.371948242187
		5474.294524035931
		-41.87927343260403
		-1.30366862176901
		-1.496431330833084E-4

