# Tue 17:07:24 25-Aug-2026
begin	identify tzc32 - Ap 32
	id	tzc32
	task	identify
	image	tzc32 - Ap 32
	aperture	32
	aplow	1391.01
	aphigh	1398.86
	units	Angstroms
	features	22
	         18.87 6182.61849  6182.6217   4.0 1 1 
	         62.92  6180.7011   6180.705   4.0 1 1 
	        114.61 6178.43462  6178.4315   4.0 1 1 
	        234.74     6173.1  6173.0964   4.0 1 1 
	        252.98 6172.28153  6172.2778   4.0 1 1 
	        307.46 6169.82421  6169.8221   4.0 1 1 
	        424.47 6164.48086  6164.4796   4.0 1 1 
	        492.13 6161.34962  6161.3534   4.0 1 1 
	        647.06 6154.06652  6154.0682   4.0 1 1 
	        690.62 6151.99004  6151.9929   4.0 1 1 
	        964.53 6138.64827  6138.6465   4.0 1 1 
	       1244.87 6124.48043  6124.4805   4.0 1 1 
	       1320.83 6120.55286  6120.5564   4.0 1 1 
	       1428.41 6114.92405  6114.9234   4.0 1 1 
	       1467.95 6112.83632  6112.8375   4.0 1 1 
	       1567.48 6107.53507  6107.5337   4.0 1 1 
	       1602.80  6105.6383  6105.6351   4.0 1 1 
	       1675.16 6101.72619  6101.7251   4.0 1 1 
	       1741.31 6098.11978  6098.1205   4.0 1 1 
	       1923.57 6088.03321  6088.0305   4.0 1 1 
	       1937.30 6087.26431  6087.2622   4.0 1 1 
	       1971.06 6085.36901  6085.3748   4.0 1 1 
	function chebyshev
	order 4
	sample *
	naverage 1
	niterate 2000
	low_reject 3.
	high_reject 3.
	grow 0.
	coefficients	8
		1.
		4.
		18.86981582641602
		1971.059204101562
		6135.56448785726
		-48.62415139923398
		-1.570737495442485
		-5.907373657962180E-4

