# Fri 14:16:03 21-Aug-2026
begin	identify tzc41 - Ap 41
	id	tzc41
	task	identify
	image	tzc41 - Ap 41
	aperture	41
	aplow	1496.02
	aphigh	1502.82
	units	Angstroms
	features	13
	         59.30 7316.00415   7316.005   4.0 1 1 
	        141.70 7311.71685  7311.7159   4.0 1 1 
	        626.10 7285.44522  7285.4437   4.0 1 1 
	        635.77 7284.90207  7284.9033   4.0 1 1 
	        978.75 7265.17204  7265.1724   4.0 1 1 
	       1143.75  7255.3536  7255.3541   4.0 1 1 
	       1318.96 7244.69539  7244.6965   4.0 1 1 
	       1361.16 7242.09279  7242.0919   4.0 1 1 
	       1540.70 7230.86372  7230.8623   4.0 1 1 
	       1723.84 7219.15052  7219.1515   4.0 1 1 
	       1823.14 7212.68962  7212.6896   4.0 1 1 
	       1909.91 7206.98105  7206.9804   4.0 1 1 
	       2014.15 7200.04497  7200.0454   4.0 1 1 
	function chebyshev
	order 4
	sample *
	naverage 1
	niterate 2000
	low_reject 3.
	high_reject 3.
	grow 0.
	coefficients	8
		1.
		4.
		59.30367279052734
		2014.152954101562
		7259.885296219865
		-57.97817818063871
		-1.860738045173825
		-0.001410608902059351

