# Tue 16:56:23 25-Aug-2026
begin	identify tzc31 - Ap 31
	id	tzc31
	task	identify
	image	tzc31 - Ap 31
	aperture	31
	aplow	1378.1
	aphigh	1386.19
	units	Angstroms
	features	27
	         18.20 6077.87087  6077.8728   4.0 1 1 
	         36.15 6077.10409  6077.1057   4.0 1 1 
	        129.00  6073.1064  6073.1036   4.0 1 1 
	        222.55 6069.02184  6069.0207   4.0 1 1 
	        438.57 6059.37431  6059.3725   4.0 1 1 
	        569.45 6053.38183  6053.3808   4.0 1 1 
	        583.69 6052.72353  6052.7229   4.0 1 1 
	        621.21 6050.98152  6050.9818   4.0 1 1 
	        662.59 6049.05027   6049.051   4.0 1 1 
	        786.01 6043.22336  6043.2233   4.0 1 1 
	        880.88 6038.67773  6038.6805   4.0 1 1 
	        901.22 6037.69543  6037.6975   4.0 1 1 
	        952.83  6035.1909  6035.1923   4.0 1 1 
	       1015.46 6032.12833  6032.1274   4.0 1 1 
	       1049.69 6030.44407   6030.445   4.0 1 1 
	       1156.24 6025.15198    6025.15   4.0 1 1 
	       1348.39 6015.42164  6015.4218   4.0 1 1 
	       1382.37 6013.67578  6013.6777   4.0 1 1 
	       1450.32 6010.16216  6010.1606   4.0 1 1 
	       1509.58 6007.07329  6007.0722   4.0 1 1 
	       1545.95 6005.16663   6005.165   4.0 1 1 
	       1621.00 6001.20397  6001.2033   4.0 1 1 
	       1706.77 5996.63068  5996.6297   4.0 1 1 
	       1753.32  5994.1285  5994.1287   4.0 1 1 
	       1811.05 5991.00582  5991.0071   4.0 1 1 
	       1847.11 5989.04418  5989.0447   4.0 1 1 
	       1879.02 5987.30108  5987.3016   4.0 1 1 
	function chebyshev
	order 4
	sample *
	naverage 1
	niterate 2000
	low_reject 3.
	high_reject 3.
	grow 0.
	coefficients	8
		1.
		4.
		18.19665145874024
		1879.024047851562
		6033.991141723216
		-45.28345125000427
		-1.405163786894608
		-0.001444642032696483

