# Fri 14:21:57 21-Aug-2026
begin	identify tzc42 - Ap 42
	id	tzc42
	task	identify
	image	tzc42 - Ap 42
	aperture	42
	aplow	1506.42
	aphigh	1513.53
	units	Angstroms
	features	18
	          6.93 7471.16175  7471.1641   4.0 1 1 
	        437.84 7447.85467  7447.8488   4.0 1 1 
	        493.20 7444.75347  7444.7489   4.0 1 1 
	        642.06   7436.295   7436.297   4.0 1 1 
	        658.19 7435.36765  7435.3683   4.0 1 1 
	        746.55 7430.25228  7430.2533   4.0 1 1 
	        769.06 7428.93928  7428.9405   4.0 1 1 
	        831.25  7425.2907  7425.2942   4.0 1 1 
	        881.63 7422.31247  7422.3118   4.0 1 1 
	        944.79 7418.54995  7418.5499   4.0 1 1 
	        957.53 7417.78754  7417.7908   4.0 1 1 
	       1047.97 7412.33571  7412.3368   4.0 1 1 
	       1360.73 7392.98122  7392.9801   4.0 1 1 
	       1478.35 7385.50087  7385.5006   4.0 1 1 
	       1557.13 7380.42921  7380.4263   4.0 1 1 
	       1611.82 7376.87907  7376.8772   4.0 1 1 
	       1966.33 7353.28918   7353.293   4.0 1 1 
	       2002.65 7350.81559   7350.814   4.0 1 1 
	function chebyshev
	order 4
	sample *
	naverage 1
	niterate 2000
	low_reject 3.
	high_reject 3.
	grow 0.
	coefficients	8
		1.
		4.
		6.933052062988281
		2002.64697265625
		7412.96767538831
		-60.17127640087059
		-1.979003028573724
		-0.001804294373099142

