# Tue 16:28:08 25-Aug-2026
begin	identify tzc29 - Ap 29
	id	tzc29
	task	identify
	image	tzc29 - Ap 29
	aperture	29
	aplow	1352.06
	aphigh	1359.95
	units	Angstroms
	features	24
	        196.06 5871.18253  5871.1828   4.0 1 1 
	        210.97 5870.55063  5870.5526   4.0 1 1 
	        370.12 5863.72063  5863.7184   4.0 1 1 
	        587.71 5854.12348  5854.1207   4.0 1 1 
	        602.14 5853.47651  5853.4745   4.0 1 1 
	        619.89 5852.67886  5852.6806   4.0 1 1 
	        768.58 5845.91849  5845.9188   4.0 1 1 
	        814.41 5843.80664  5843.8069   4.0 1 1 
	        882.60    5840.64  5840.6404   4.0 1 1 
	        918.77 5838.94841  5838.9502   4.0 1 1 
	       1018.10 5834.26066  5834.2633   4.0 1 1 
	       1057.80 5832.36958  5832.3705   4.0 1 1 
	       1089.98 5830.82933  5830.8272   4.0 1 1 
	       1404.71 5815.42339  5815.4219   4.0 1 1 
	       1453.69 5812.96979  5812.9725   4.0 1 1 
	       1558.27 5807.68024  5807.6814   4.0 1 1 
	       1627.45 5804.14334  5804.1412   4.0 1 1 
	       1667.49 5802.08261  5802.0798   4.0 1 1 
	       1691.72 5800.83076  5800.8297   4.0 1 1 
	       1737.07 5798.47774   5798.478   4.0 1 1 
	       1759.31 5797.31928  5797.3194   4.0 1 1 
	       1783.25 5796.06851  5796.0683   4.0 1 1 
	       1852.51 5792.42987  5792.4304   4.0 1 1 
	       1905.16 5789.64333  5789.6451   4.0 1 1 
	function chebyshev
	order 4
	sample *
	naverage 1
	niterate 2000
	low_reject 3.
	high_reject 3.
	grow 0.
	coefficients	8
		1.
		4.
		196.0558776855469
		1905.163330078125
		5831.56284872182
		-40.77035435104266
		-1.149918270773496
		7.552960863952057E-4

