# Fri 15:09:52 21-Aug-2026
begin	identify tzc46 - Ap 46
	id	tzc46
	task	identify
	image	tzc46 - Ap 46
	aperture	46
	aplow	1547.91
	aphigh	1553.96
	units	Angstroms
	features	12
	        131.20 8143.14121   8143.138   4.0 1 1 
	        210.90 8138.47097  8138.4753   4.0 1 1 
	        530.71 8119.18247  8119.1811   4.0 1 1 
	        933.64 8093.62427  8093.6238   4.0 1 1 
	       1061.55 8085.21707   8085.219   4.0 1 1 
	       1395.02 8062.63168  8062.6304   4.0 1 1 
	       1528.61  8053.3118  8053.3085   4.0 1 1 
	       1630.26 8046.11656  8046.1169   4.0 1 1 
	       1754.29 8037.21454  8037.2183   4.0 1 1 
	       1820.19  8032.4302  8032.4313   4.0 1 1 
	       1850.75 8030.19845  8030.2004   4.0 1 1 
	       1931.58 8024.25678   8024.253   4.0 1 1 
	function chebyshev
	order 4
	sample *
	naverage 1
	niterate 2000
	low_reject 3.
	high_reject 3.
	grow 0.
	coefficients	8
		1.
		4.
		131.2032775878906
		1931.580810546875
		8085.455503520181
		-59.43920329124951
		-1.756509244412229
		-0.003009210957832408

