# Fri 11:33:56 21-Aug-2026
begin	identify tzc04 - Ap 4
	id	tzc04
	task	identify
	image	tzc04 - Ap 4
	aperture	4
	aplow	921.51
	aphigh	928.97
	units	Angstroms
	features	14
	        161.48 4165.76258  4165.7661   4.0 1 1 
	        214.33 4164.17966  4164.1795   4.0 1 1 
	        397.48 4158.59538  4158.5905   4.0 1 1 
	        865.08 4143.65332  4143.6491   4.0 1 1 
	        893.81 4142.70357   4142.701   4.0 1 1 
	       1108.95  4135.4754    4135.48   4.0 1 1 
	       1150.29 4134.06327  4134.0681   4.0 1 1 
	       1218.43 4131.71937  4131.7235   4.0 1 1 
	       1239.22  4130.9999  4131.0021   4.0 1 1 
	       1641.57 4116.71414  4116.7137   4.0 1 1 
	       1667.58 4115.76652  4115.7589   4.0 1 1 
	       1749.62 4112.75948  4112.7545   4.0 1 1 
	       1866.68 4108.41959  4108.4198   4.0 1 1 
	       1986.78 4103.90673  4103.9121   4.0 1 1 
	function chebyshev
	order 4
	sample *
	naverage 1
	niterate 2000
	low_reject 3.
	high_reject 3.
	grow 0.
	coefficients	8
		1.
		4.
		161.480239868164
		1986.7822265625
		4135.746811908441
		-30.93466437914141
		-0.912157088657883
		0.006736712177549824

