# Fri 14:47:35 21-Aug-2026
begin	identify tzc44 - Ap 44
	id	tzc44
	task	identify
	image	tzc44 - Ap 44
	aperture	44
	aplow	1527.34
	aphigh	1533.99
	units	Angstroms
	features	12
	        134.37 7788.93272  7788.9342   4.0 1 1 
	        432.59 7771.95066  7771.9468   4.0 1 1 
	        920.86  7742.5568  7742.5628   4.0 1 1 
	       1092.71 7731.74092  7731.7385   4.0 1 1 
	       1136.41 7728.95144   7728.951   4.0 1 1 
	       1367.49 7713.93682  7713.9378   4.0 1 1 
	       1422.86 7710.27286  7710.2692   4.0 1 1 
	       1559.76 7701.10511  7701.1081   4.0 1 1 
	       1667.18 7693.80181  7693.8016   4.0 1 1 
	       1790.36  7685.3094  7685.3075   4.0 1 1 
	       1920.21 7676.21913  7676.2195   4.0 1 1 
	       2007.12 7670.05683  7670.0575   4.0 1 1 
	function chebyshev
	order 4
	sample *
	naverage 1
	niterate 2000
	low_reject 3.
	high_reject 3.
	grow 0.
	coefficients	8
		1.
		4.
		134.3672943115234
		2007.117309570313
		7731.315987286064
		-59.43630562824653
		-1.821212658971713
		-0.001635757222277659

