# Fri 12:17:06 21-Aug-2026
begin	identify tzc09 - Ap 9
	id	tzc09
	task	identify
	image	tzc09 - Ap 9
	aperture	9
	aplow	1026.19
	aphigh	1032.99
	units	Angstroms
	features	23
	         61.22 4425.99932  4426.0011   4.0 1 1 
	        348.05 4416.84767  4416.8447   4.0 1 1 
	        588.24 4408.88523  4408.8828   4.0 1 1 
	        762.86 4402.92579  4402.9271   4.0 1 1 
	        801.65 4401.58234   4401.581   4.0 1 1 
	        818.79 4400.98638  4400.9863   4.0 1 1 
	        844.40 4400.09366  4400.0968   4.0 1 1 
	       1023.65 4393.75762   4393.759   4.0 1 1 
	       1045.53 4392.97364   4392.974   4.0 1 1 
	       1097.34 4391.10861  4391.1105   4.0 1 1 
	       1263.09 4385.05716  4385.0566   4.0 1 1 
	       1349.25 4381.86009  4381.8601   4.0 1 1 
	       1407.80 4379.66763  4379.6668   4.0 1 1 
	       1447.36 4378.17724  4378.1768   4.0 1 1 
	       1505.99  4375.9548  4375.9542   4.0 1 1 
	       1553.98 4374.12342  4374.1239   4.0 1 1 
	       1626.64 4371.33007   4371.329   4.0 1 1 
	       1641.53 4370.75435  4370.7532   4.0 1 1 
	       1664.22 4369.87567  4369.8756   4.0 1 1 
	       1716.74 4367.83144  4367.8316   4.0 1 1 
	       1765.30 4365.93008  4365.9301   4.0 1 1 
	       1863.10 4362.06718  4362.0662   4.0 1 1 
	       1956.94 4358.31801    4358.32   4.0 1 1 
	function chebyshev
	order 4
	sample *
	naverage 1
	niterate 2000
	low_reject 3.
	high_reject 3.
	grow 0.
	coefficients	8
		1.
		4.
		61.221435546875
		1956.93701171875
		4393.218412856202
		-33.84074000516845
		-1.059748667221298
		8.201818799733146E-5

