# Tue 15:53:01 25-Aug-2026
begin	identify tzc26 - Ap 26
	id	tzc26
	task	identify
	image	tzc26 - Ap 26
	aperture	26
	aplow	1310.5
	aphigh	1318.99
	units	Angstroms
	features	24
	         56.11 5601.60024  5601.6032   4.0 1 1 
	        219.44 5595.06614  5595.0635   4.0 1 1 
	        415.11 5587.02835  5587.0263   4.0 1 1 
	        596.85 5579.35817  5579.3583   4.0 1 1 
	        635.89 5577.68461  5577.6845   4.0 1 1 
	        670.26 5576.20365  5576.2045   4.0 1 1 
	        735.99 5573.35178  5573.3535   4.0 1 1 
	        785.34 5571.19376  5571.1913   4.0 1 1 
	        857.71  5568.0027  5567.9986   4.0 1 1 
	        942.97 5564.20299  5564.2011   4.0 1 1 
	       1038.63 5559.88756  5559.8912   4.0 1 1 
	       1064.73 5558.70105   5558.702   4.0 1 1 
	       1072.62 5558.34144  5558.3422   4.0 1 1 
	       1101.03 5557.04341  5557.0454   4.0 1 1 
	       1197.08 5552.61932  5552.6229   4.0 1 1 
	       1292.42 5548.17367  5548.1758   4.0 1 1 
	       1404.24 5542.88957    5542.89   4.0 1 1 
	       1466.58 5539.91105  5539.9106   4.0 1 1 
	       1480.10 5539.26171  5539.2618   4.0 1 1 
	       1706.48 5528.23088  5528.2272   4.0 1 1 
	       1725.36 5527.29736  5527.2953   4.0 1 1 
	       1772.47 5524.95748   5524.957   4.0 1 1 
	       1779.89 5524.58788  5524.5824   4.0 1 1 
	       1972.65 5514.86692  5514.8731   4.0 1 1 
	function chebyshev
	order 4
	sample *
	naverage 1
	niterate 2000
	low_reject 3.
	high_reject 3.
	grow 0.
	coefficients	8
		1.
		4.
		56.10651016235351
		1972.648559570313
		5559.610274239
		-43.36557808043381
		-1.376694554467204
		-0.001078407645576919

