# Fri 15:02:01 21-Aug-2026
begin	identify tzc45 - Ap 45
	id	tzc45
	task	identify
	image	tzc45 - Ap 45
	aperture	45
	aplow	1537.63
	aphigh	1544.07
	units	Angstroms
	features	12
	        263.41 7954.59043  7954.5923   4.0 1 1 
	        481.59 7941.72426  7941.7259   4.0 1 1 
	        547.83 7937.73844  7937.7335   4.0 1 1 
	        891.73 7916.44743   7916.442   4.0 1 1 
	       1142.13 7900.31495    7900.32   4.0 1 1 
	       1152.80 7899.61563  7899.6229   4.0 1 1 
	       1281.92 7891.07686   7891.075   4.0 1 1 
	       1353.51 7886.28178   7886.283   4.0 1 1 
	       1649.78 7865.97334  7865.9698   4.0 1 1 
	       1677.67 7864.02304  7864.0218   4.0 1 1 
	       1707.73 7861.91402   7861.911   4.0 1 1 
	       1989.21 7841.78812  7841.7911   4.0 1 1 
	function chebyshev
	order 4
	sample *
	naverage 1
	niterate 2000
	low_reject 3.
	high_reject 3.
	grow 0.
	coefficients	8
		1.
		4.
		263.4085388183593
		1989.211303710938
		7899.769552144702
		-56.39989179513053
		-1.580278500201693
		-0.001265815221033463

