# Tue 16:17:31 25-Aug-2026
begin	identify tzc28 - Ap 28
	id	tzc28
	task	identify
	image	tzc28 - Ap 28
	aperture	28
	aplow	1338.43
	aphigh	1346.66
	units	Angstroms
	features	17
	        256.94 5773.94568  5773.9463   4.0 1 1 
	        392.86 5768.18043  5768.1812   4.0 1 1 
	        402.22  5767.7793  5767.7785   4.0 1 1 
	        500.57 5763.52952   5763.529   4.0 1 1 
	        568.64 5760.55243  5760.5508   4.0 1 1 
	        737.87 5753.02674  5753.0265   4.0 1 1 
	        809.59 5749.78294  5749.7862   4.0 1 1 
	        818.27 5749.38845  5749.3883   4.0 1 1 
	        832.47 5748.74159  5748.7412   4.0 1 1 
	        982.57 5741.82892   5741.829   4.0 1 1 
	       1032.02  5739.5206  5739.5196   4.0 1 1 
	       1106.20  5736.0301  5736.0297   4.0 1 1 
	       1328.03 5725.38832  5725.3885   4.0 1 1 
	       1434.34 5720.18055  5720.1828   4.0 1 1 
	       1445.63 5719.62344  5719.6227   4.0 1 1 
	       1695.24 5707.10647  5707.1033   4.0 1 1 
	       1815.96 5700.91573  5700.9176   4.0 1 1 
	function chebyshev
	order 4
	sample *
	naverage 1
	niterate 2000
	low_reject 3.
	high_reject 3.
	grow 0.
	coefficients	8
		1.
		4.
		256.9410705566406
		1815.963623046875
		5738.371883436766
		-36.51728360169371
		-0.941181552910654
		0.002309015386042274

