# Fri 11:06:37 21-Aug-2026
begin	identify tzc01 - Ap 1
	id	tzc01
	task	identify
	image	tzc01 - Ap 1
	aperture	1
	aplow	853.04
	aphigh	861.27
	units	Angstroms
	features	12
	        105.20 4027.01064  4027.0091   4.0 1 1 
	        181.65 4024.80218  4024.8025   4.0 1 1 
	        274.96 4022.07542  4022.0674   4.0 1 1 
	        374.68 4019.12253  4019.1289   4.0 1 1 
	        549.52 4013.84872  4013.8566   4.0 1 1 
	        593.93 4012.48907  4012.4952   4.0 1 1 
	        732.08 4008.20877  4008.2102   4.0 1 1 
	        931.29 4001.89765  4001.8935   4.0 1 1 
	        956.93 4001.07345  4001.0581   4.0 1 1 
	       1583.22 3980.07839  3980.0896   4.0 1 1 
	       1807.38 3972.15471  3972.1545   4.0 1 1 
	       1939.09 3967.39618  3967.3921   4.0 1 1 
	function chebyshev
	order 4
	sample *
	naverage 1
	niterate 2000
	low_reject 3.
	high_reject 3.
	grow 0.
	coefficients	8
		1.
		4.
		105.1986236572266
		1939.092041015625
		3998.084069179851
		-29.79939993666254
		-0.8806586550341098
		-0.007828641154389691

# Fri 11:14:40 21-Aug-2026
begin	identify tzc01 - Ap 1
	id	tzc01
	task	identify
	image	tzc01 - Ap 1
	aperture	1
	aplow	853.04
	aphigh	861.27
	units	Angstroms
	features	15
	        105.20 4027.01098  4027.0091   4.0 1 1 
	        181.65 4024.80271  4024.8025   4.0 1 1 
	        274.96 4022.07579  4022.0674   4.0 1 1 
	        374.68  4019.1229  4019.1289   4.0 1 1 
	        521.20  4014.7113  4014.7164   4.0 1 1 
	        549.52 4013.84852  4013.8566   4.0 1 1 
	        593.93   4012.489  4012.4952   4.0 1 1 
	        732.08  4008.2082  4008.2102   4.0 1 1 
	        769.96 4007.02062  4007.0188   4.0 1 1 
	        830.90 4005.09804  4005.0928   4.0 1 1 
	        931.29 4001.89678  4001.8935   4.0 1 1 
	        956.93 4001.07237  4001.0581   4.0 1 1 
	       1583.22 3980.07716  3980.0896   4.0 1 1 
	       1807.38 3972.15434  3972.1545   4.0 1 1 
	       1939.09 3967.39699  3967.3921   4.0 1 1 
	function chebyshev
	order 4
	sample *
	naverage 1
	niterate 2000
	low_reject 3.
	high_reject 3.
	grow 0.
	coefficients	8
		1.
		4.
		105.2
		1939.090000000001
		3998.083752916931
		-29.7996691556054
		-0.8797674288107433
		-0.007327463805440547

# Sat 18:08:45 22-Aug-2026
begin	identify tzc01 - Ap 1
	id	tzc01
	task	identify
	image	tzc01 - Ap 1
	aperture	1
	aplow	853.04
	aphigh	861.27
	units	Angstroms
	features	13
	        105.20 4027.00955  4027.0091   4.0 1 1 
	        181.65 4024.80204  4024.8025   4.0 1 1 
	        274.96 4022.07589  4022.0674   4.0 1 1 
	        374.68 4019.12363  4019.1289   4.0 1 1 
	        521.20 4014.71265  4014.7164   4.0 1 1 
	        549.52 4013.84998  4013.8566   4.0 1 1 
	        593.93 4012.49059  4012.4952   4.0 1 1 
	        732.08 4008.21005  4008.2102   4.0 1 1 
	        769.96 4007.02261  4007.0188   4.0 1 1 
	        830.90 4005.09986  4005.0928   4.0 1 1 
	        931.29 4001.89879  4001.8935   4.0 1 1 
	       1583.22 3980.08044  3980.0896   4.0 1 1 
	       1807.38 3972.15942  3972.1545   4.0 1 1 
	function chebyshev
	order 4
	sample *
	naverage 1
	niterate 2000
	low_reject 3.
	high_reject 3.
	grow 0.
	coefficients	8
		1.
		4.
		105.2
		1807.375610351563
		4000.339834820229
		-27.41989763351344
		-0.7553515897398181
		-0.005167465393321444

# Mon 18:19:10 24-Aug-2026
begin	identify tzc01 - Ap 1
	id	tzc01
	task	identify
	image	tzc01 - Ap 1
	aperture	1
	aplow	853.04
	aphigh	861.27
	units	Angstroms
	features	14
	        105.20 4027.01061  4027.0091   4.0 1 1 
	        181.65 4024.80222  4024.8025   4.0 1 1 
	        274.96 4022.07536  4022.0674   4.0 1 1 
	        374.68 4019.12276  4019.1289   4.0 1 1 
	        521.20 4014.71187  4014.7164   4.0 1 1 
	        549.52 4013.84929  4013.8566   4.0 1 1 
	        593.93 4012.49006  4012.4952   4.0 1 1 
	        732.08 4008.21024  4008.2102   4.0 1 1 
	        769.96 4007.02304  4007.0188   4.0 1 1 
	        830.90 4005.10067  4005.0928   4.0 1 1 
	        931.29 4001.90025  4001.8935   4.0 1 1 
	       1583.22 3980.08107  3980.0896   4.0 1 1 
	       1807.38 3972.15524  3972.1545   4.0 1 1 
	       1939.09 3967.39493  3967.3921   4.0 1 1 
	function chebyshev
	order 4
	sample *
	naverage 1
	niterate 2000
	low_reject 3.
	high_reject 3.
	grow 0.
	coefficients	8
		1.
		4.
		105.2
		1939.092041015625
		3998.085145516089
		-29.79899650441378
		-0.8823726914033066
		-0.008842618068223446

