# Fri 12:22:38 21-Aug-2026
begin	identify tzc10 - Ap 10
	id	tzc10
	task	identify
	image	tzc10 - Ap 10
	aperture	10
	aplow	1045.51
	aphigh	1052.92
	units	Angstroms
	features	19
	         45.49 4481.80654  4481.8107   4.0 1 1 
	        265.07 4474.76427  4474.7594   4.0 1 1 
	        423.83 4469.52937  4469.5253   4.0 1 1 
	        548.27 4465.34202  4465.3406   4.0 1 1 
	        687.90 4460.55558  4460.5574   4.0 1 1 
	        761.39 4457.99914  4458.0015   4.0 1 1 
	        915.25 4452.56311  4452.5655   4.0 1 1 
	       1017.78 4448.87774  4448.8792   4.0 1 1 
	       1099.69 4445.89725  4445.9012   4.0 1 1 
	       1273.63 4439.46173  4439.4614   4.0 1 1 
	       1422.47 4433.83989   4433.838   4.0 1 1 
	       1445.46 4432.96222  4432.9628   4.0 1 1 
	       1463.94 4432.25458  4432.2523   4.0 1 1 
	       1496.66 4430.99812  4430.9963   4.0 1 1 
	       1517.60 4430.19098   4430.189   4.0 1 1 
	       1625.43 4426.00278  4426.0011   4.0 1 1 
	       1725.95 4422.04785  4422.0479   4.0 1 1 
	       1738.72 4421.54207  4421.5439   4.0 1 1 
	       1914.85 4414.48455  4414.4863   4.0 1 1 
	function chebyshev
	order 4
	sample *
	naverage 1
	niterate 2000
	low_reject 3.
	high_reject 3.
	grow 0.
	coefficients	8
		1.
		4.
		45.48799896240235
		1914.853759765625
		4449.190452732096
		-33.66018109003089
		-1.044907105360353
		-8.113449119233742E-4

