	aplow	1389.07
	aphigh	1398.54
	units	Angstroms
	features	31
	         68.67 5975.06309  5975.0648   4.0 1 1 
	        101.78 5973.66338  5973.6649   4.0 1 1 
	        150.18  5971.6048  5971.6008   4.0 1 1 
	        193.76 5969.73835  5969.7373   4.0 1 1 
	        315.35 5964.46822  5964.4723   4.0 1 1 
	        399.09 5960.78427  5960.7806   4.0 1 1 
	        500.62 5956.25813  5956.2588   4.0 1 1 
	        516.10 5955.56232  5955.5616   4.0 1 1 
	        664.82 5948.79842  5948.7991   4.0 1 1 
	        754.60 5944.64675  5944.6472   4.0 1 1 
	        779.94 5943.46584  5943.4653   4.0 1 1 
	        878.67  5938.8247  5938.8252   4.0 1 1 
	        903.18 5937.66291  5937.6634   4.0 1 1 
	        930.08 5936.38317  5936.3861   4.0 1 1 
	       1064.21  5929.9333  5929.9343   4.0 1 1 
	       1087.24 5928.81421   5928.813   4.0 1 1 
	       1121.92 5927.12277  5927.1258   4.0 1 1 
	       1156.89 5925.40942  5925.4036   4.0 1 1 
	       1287.41 5918.94522  5918.9442   4.0 1 1 
	       1423.56 5912.08634  5912.0853   4.0 1 1 
	       1550.79  5905.5702  5905.5707   4.0 1 1 
	       1608.11 5902.60128  5902.6021   4.0 1 1 
	       1660.97  5899.8455  5899.8441   4.0 1 1 
	       1727.30 5896.36185  5896.3631   4.0 1 1 
	       1758.86 5894.69491  5894.6979   4.0 1 1 
	       1819.95 5891.45056   5891.451   4.0 1 1 
	       1847.95 5889.95575  5889.9531   4.0 1 1 
	       1873.55 5888.58487  5888.5841   4.0 1 1 
	       1911.77  5886.5303  5886.5314   4.0 1 1 
	       1927.17 5885.70032  5885.7016   4.0 1 1 
	       1983.96 5882.62575  5882.6242   4.0 1 1 
	function chebyshev
	order 5
	sample *
	naverage 1
	niterate 2000
	low_reject 3.
	high_reject 3.
	grow 0.
	coefficients	9
		1.
		5.
		68.67146301269531
		1983.958251953125
		5930.303643998615
		-46.22110250885568
		-1.461412779520032
		0.002433581936055084
		0.002189304293966166

