	aplow	1520.09
	aphigh	1527.67
	units	Angstroms
	features	11
	         72.78 7315.97986   7316.005   6.0 1 1 
	         90.80 7315.05653  7315.0661   6.0 1 1 
	        155.19 7311.72955  7311.7159   4.0 1 1 
	        274.70 7305.43666  7305.4043   4.0 1 1 
	        409.63 7298.15481  7298.1434   4.0 1 1 
	        444.17 7296.26156  7296.2659   4.0 1 1 
	       1103.44 7258.11513   7258.177   4.0 1 1 
	       1176.74 7253.66471   7253.676   6.0 1 1 
	       1321.92 7244.74619  7244.6965   4.0 1 1 
	       1699.15 7220.99918  7220.9809   6.0 1 1 
	       1990.81 7202.17781   7202.191   4.0 1 1 
	function chebyshev
	order 4
	sample *
	naverage 1
	niterate 2000
	low_reject 3.
	high_reject 3.
	grow 0.
	coefficients	8
		1.
		4.
		72.77630615234375
		1990.813354492187
		7260.753612047702
		-57.04836808306686
		-1.674773988178366
		0.1473427725773674

