	aplow	1212.58
	aphigh	1221.89
	units	Angstroms
	features	40
	         24.43 4980.94772  4980.9513   4.0 1 1 
	         46.18 4980.18664  4980.1859   4.0 1 1 
	        165.93 4975.95364  4975.9485   4.0 1 1 
	        271.52 4972.16117  4972.1597   4.0 1 1 
	        365.02 4968.75467  4968.7556   4.0 1 1 
	        447.00 4965.73026  4965.7315   4.0 1 1 
	        464.50 4965.08007  4965.0795   4.0 1 1 
	        515.32 4963.18262  4963.1881   4.0 1 1 
	        554.10 4961.72544   4961.726   4.0 1 1 
	        633.24 4958.72728   4958.724   4.0 1 1 
	        649.71 4958.09889  4958.0988   4.0 1 1 
	        670.71 4957.29597  4957.2963   4.0 1 1 
	        789.83 4952.69567  4952.6908   4.0 1 1 
	        842.75 4950.62769  4950.6264   4.0 1 1 
	        852.43 4950.24792  4950.2513   4.0 1 1 
	        920.30 4947.56966  4947.5752   4.0 1 1 
	        943.10 4946.66438  4946.6637   4.0 1 1 
	        973.36   4945.459  4945.4587   4.0 1 1 
	       1033.19 4943.06041  4943.0642   4.0 1 1 
	       1073.91 4941.41706   4941.416   4.0 1 1 
	       1117.60 4939.64363  4939.6422   4.0 1 1 
	       1162.01 4937.83097  4937.8295   4.0 1 1 
	       1187.67 4936.77857  4936.7746   4.0 1 1 
	       1258.60 4933.85136  4933.8521   4.0 1 1 
	       1274.03 4933.21092  4933.2091   4.0 1 1 
	       1351.27 4929.98658   4929.985   4.0 1 1 
	       1372.75 4929.08422   4929.086   4.0 1 1 
	       1403.70 4927.77977  4927.7803   4.0 1 1 
	       1415.05  4927.3003  4927.2988   4.0 1 1 
	       1482.92 4924.41828  4924.4223   4.0 1 1 
	       1517.33 4922.94774  4922.9442   4.0 1 1 
	       1548.45 4921.61272  4921.6134   4.0 1 1 
	       1590.21 4919.81312  4919.8157   4.0 1 1 
	       1757.22 4912.52694  4912.5293   4.0 1 1 
	       1783.22  4911.3801  4911.3787   4.0 1 1 
	       1796.47 4910.79421  4910.7929   4.0 1 1 
	       1810.86 4910.15701  4910.1576   4.0 1 1 
	       1877.15 4907.20821  4907.2093   4.0 1 1 
	       1931.96 4904.75386  4904.7516   4.0 1 1 
	       1991.88 4902.05392  4902.0545   4.0 1 1 
	function chebyshev
	order 5
	sample *
	naverage 1
	niterate 2000
	low_reject 3.
	high_reject 3.
	grow 0.
	coefficients	9
		1.
		5.
		24.42645263671875
		1991.884033203125
		4942.778393841875
		-39.45059960982607
		-1.282738085688205
		0.003701810670337522
		0.005162095973125889

