	aplow	1580.34
	aphigh	1588.98
	units	Angstroms
	features	12
	         90.72 8335.69794  8335.7067   4.0 1 1 
	        178.69  8330.4566  8330.4494   4.0 1 1 
	        336.91 8320.86026  8320.8554   4.0 1 1 
	        712.96 8297.17756  8297.1765   4.0 1 1 
	       1039.31 8275.62024  8275.6266   4.0 1 1 
	       1252.78 8261.01077  8261.0143   4.0 1 1 
	       1358.70 8253.61207  8253.6156   4.0 1 1 
	       1375.99 8252.39481  8252.3936   4.0 1 1 
	       1619.77 8234.94846  8234.9381   4.0 1 1 
	       1668.34 8231.40869  8231.4069   4.0 1 1 
	       1963.52 8209.44393  8209.4461   4.0 1 1 
	       1989.45 8207.47637  8207.4785   4.0 1 1 
	function chebyshev
	order 4
	sample *
	naverage 1
	niterate 0
	low_reject 3.
	high_reject 3.
	grow 0.
	coefficients	8
		1.
		4.
		90.72398376464843
		1989.454956054688
		8273.577333722252
		-64.1037614014114
		-1.990176667373402
		-0.007024148868159743

