	aplow	1402.08
	aphigh	1411.35
	units	Angstroms
	features	35
	         32.46 6077.87221  6077.8728   4.0 1 1 
	         50.39 6077.10578  6077.1057   4.0 1 1 
	        143.26 6073.10341  6073.1036   4.0 1 1 
	        236.70 6069.02155  6069.0207   4.0 1 1 
	        404.84 6061.53744  6061.5361   4.0 1 1 
	        452.71  6059.3733  6059.3725   4.0 1 1 
	        535.57 6055.59294  6055.5937   4.0 1 1 
	        583.61 6053.38072  6053.3808   4.0 1 1 
	        597.85 6052.72205  6052.7229   4.0 1 1 
	        635.35 6050.98136  6050.9818   4.0 1 1 
	        676.73 6049.04994   6049.051   4.0 1 1 
	        722.58 6046.89696  6046.8977   4.0 1 1 
	        800.14 6043.22365  6043.2233   4.0 1 1 
	        813.42 6042.59085  6042.5898   4.0 1 1 
	        894.96 6038.67971  6038.6805   4.0 1 1 
	        915.31 6037.69696  6037.6975   4.0 1 1 
	        934.69  6036.7584  6036.7622   4.0 1 0 
	        966.94 6035.19134  6035.1923   4.0 1 1 
	       1014.36 6032.87445  6032.8726   4.0 1 1 
	       1029.56 6032.12863  6032.1274   4.0 1 1 
	       1063.77 6030.44475   6030.445   4.0 1 1 
	       1208.77 6023.22258  6023.2242   4.0 1 1 
	       1252.15 6021.03567  6021.0357   4.0 1 1 
	       1292.41 6018.99454  6018.9934   4.0 1 1 
	       1362.38 6015.42265  6015.4218   4.0 1 1 
	       1464.33  6010.1613  6010.1606   4.0 1 1 
	       1523.59 6007.07254  6007.0722   4.0 1 1 
	       1559.97 6005.16495   6005.165   4.0 1 1 
	       1635.03 6001.20228  6001.2033   4.0 1 1 
	       1676.49  5998.9985  5998.9987   4.0 1 1 
	       1720.84 5996.62867  5996.6297   4.0 1 1 
	       1767.38 5994.12828  5994.1287   4.0 1 1 
	       1825.14 5991.00669  5991.0071   4.0 1 1 
	       1861.22 5989.04547  5989.0447   4.0 1 1 
	       1893.18 5987.30227  5987.3016   4.0 1 1 
	function chebyshev
	order 5
	sample *
	naverage 1
	niterate 2000
	low_reject 3.
	high_reject 3.
	grow 0.
	coefficients	9
		1.
		5.
		32.45687103271485
		1893.1767578125
		6033.986764976293
		-45.28497366667361
		-1.402327545405506
		9.228507158076105E-7
		0.002802183369069102

