	aplow	1572.05
	aphigh	1578.83
	units	Angstroms
	features	15
	        144.42 8143.13746   8143.138   4.0 1 1 
	        199.67 8139.90686  8139.9032   4.0 1 1 
	        224.07 8138.47226  8138.4753   4.0 1 1 
	        486.41 8122.71776  8122.7234   4.0 1 1 
	        543.87 8119.18764  8119.1811   4.0 1 1 
	        940.29 8094.05441  8094.0559   4.0 1 1 
	        968.15 8092.23695  8092.2373   4.0 1 1 
	       1074.76 8085.21985   8085.219   4.0 1 1 
	       1541.92 8053.30974  8053.3085   4.0 1 1 
	       1579.73 8050.64486   8050.648   4.0 1 1 
	       1643.54 8046.11837  8046.1169   4.0 1 1 
	       1767.56 8037.21989  8037.2183   4.0 1 1 
	       1833.55 8032.43128  8032.4313   4.0 1 1 
	       1864.13 8030.19915  8030.2004   4.0 1 1 
	       1945.06 8024.25311   8024.253   4.0 1 1 
	function chebyshev
	order 4
	sample *
	naverage 1
	niterate 2000
	low_reject 3.
	high_reject 3.
	grow 0.
	coefficients	8
		1.
		4.
		144.4182586669922
		1945.057861328125
		8085.450504227562
		-59.44188579191428
		-1.755216840336119
		-2.908796986331634E-4

