	aplow	1291.01
	aphigh	1300.84
	units	Angstroms
	features	43
	         43.97 5351.83588  5351.8365   4.0 1 1 
	         62.83  5351.1253  5351.1265   6.0 1 1 
	        118.88 5349.00206  5349.0054   6.0 1 1 
	        145.92 5347.97136  5347.9714   6.0 1 1 
	        187.34 5346.38506  5346.3778   6.0 1 1 
	        215.26 5345.31012  5345.3117   4.0 1 1 
	        259.95 5343.58073  5343.5812   4.0 1 1 
	        338.84 5340.50034  5340.4982   4.0 1 1 
	        426.98 5337.01683  5337.0154   4.0 1 1 
	        599.26 5330.07987  5330.0804   6.0 1 1 
	        675.04 5326.97488  5326.9756   4.0 1 1 
	        691.99 5326.27551  5326.2774   6.0 1 1 
	        712.40 5325.43193  5325.4317   6.0 1 1 
	        719.34 5325.14423  5325.1438   6.0 1 1 
	        773.32 5322.89832  5322.8988   4.0 1 1 
	        824.11 5320.76993  5320.7699   4.0 1 1 
	        879.61 5318.42669  5318.4268   6.0 1 1 
	        901.60 5317.49376  5317.4944   4.0 1 1 
	        954.85 5315.22229  5315.2278   6.0 1 1 
	       1008.86  5312.9018  5312.9045   6.0 1 1 
	       1017.37 5312.53426  5312.5288   6.0 1 1 
	       1029.71 5312.00136  5312.0018   4.0 1 1 
	       1069.68  5310.2681  5310.2665   6.0 1 1 
	       1084.99 5309.60207  5309.6093   6.0 1 1 
	       1133.83 5307.46774  5307.4655   4.0 1 1 
	       1144.78 5306.98732  5306.9864   4.0 1 1 
	       1270.89  5301.4049  5301.4043   4.0 1 1 
	       1290.58 5300.52504  5300.5234   4.0 1 1 
	       1340.52 5298.28323  5298.2824   4.0 1 1 
	       1384.79 5296.28474  5296.2787   4.0 1 1 
	       1411.12 5295.09027  5295.0886   4.0 1 1 
	       1426.36 5294.39758  5294.3971   6.0 1 1 
	       1482.87 5291.81655  5291.8163   4.0 1 1 
	       1589.72 5286.88688   5286.887   4.0 1 1 
	       1702.26 5281.62645  5281.6285   6.0 1 1 
	       1714.15 5281.06648  5281.0687   6.0 1 1 
	       1729.41 5280.34642  5280.3441   4.0 1 1 
	       1789.54   5277.498  5277.5002   6.0 1 1 
	       1796.91 5277.14766   5277.146   6.0 1 1 
	       1812.54 5276.40329  5276.4089   4.0 1 1 
	       1860.40 5274.11606  5274.1188   4.0 1 1 
	       1885.14 5272.92842   5272.927   6.0 1 1 
	       2013.54 5266.71408  5266.7103   4.0 1 1 
	function chebyshev
	order 5
	sample *
	naverage 1
	niterate 2000
	low_reject 3.
	high_reject 3.
	grow 0.
	coefficients	9
		1.
		5.
		43.96706390380859
		2013.537719726563
		5310.655108205454
		-42.56537354500828
		-1.383857264963628
		0.00447209041705443
		0.003731134360328499

