	aplow	1561.76
	aphigh	1568.93
	units	Angstroms
	features	19
	        235.45 7956.97445   7956.974   6.0 1 1 
	        276.64 7954.59021  7954.5923   6.0 1 1 
	        494.79 7941.72513  7941.7259   6.0 1 1 
	        561.06 7937.73698  7937.7335   6.0 1 1 
	        905.02 7916.44455   7916.442   4.0 1 1 
	       1155.29 7900.32281    7900.32   6.0 1 1 
	       1166.04 7899.61778  7899.6229   4.0 1 1 
	       1257.08 7893.61381  7893.6191   6.0 1 1 
	       1295.20 7891.07848   7891.075   4.0 1 1 
	       1366.79  7886.2842   7886.283   4.0 1 1 
	       1502.64 7877.06675  7877.0756   6.0 1 1 
	       1526.03 7875.46337  7875.4626   6.0 1 1 
	       1567.26 7872.62711  7872.6316   6.0 1 1 
	       1663.15 7865.97315  7865.9698   4.0 1 1 
	       1691.00 7864.02619  7864.0218   6.0 1 1 
	       1721.05 7861.91774    7861.91   6.0 1 1 
	       1923.12 7847.54097  7847.5394   6.0 1 1 
	       1996.09 7842.26324  7842.2656   6.0 1 1 
	       2002.62 7841.78828  7841.7911   6.0 1 1 
	function chebyshev
	order 4
	sample *
	naverage 1
	niterate 2000
	low_reject 3.
	high_reject 3.
	grow 0.
	coefficients	8
		1.
		4.
		235.4535369873047
		2002.624633789062
		7901.035964209055
		-57.59083183770874
		-1.65459601986747
		-0.002252701278952205

