	aplow	1509.11
	aphigh	1516.9
	units	Angstroms
	features	30
	         88.68 7168.89562  7168.8952   4.0 1 1 
	        121.99 7167.19927  7167.2028   4.0 1 1 
	        212.27 7162.55935  7162.5569   4.0 1 1 
	        262.62  7159.9446   7159.947   4.0 1 1 
	        320.03 7156.93992  7156.9416   4.0 1 1 
	        383.45 7153.59163  7153.5877   4.0 1 1 
	        445.46 7150.28777  7150.2844   4.0 1 1 
	        477.69 7148.55894  7148.5589   4.0 1 1 
	        592.57 7142.33269   7142.331   4.0 1 1 
	        768.42 7132.60761    7132.61   4.0 1 1 
	        790.64 7131.36191  7131.3586   4.0 1 1 
	        802.02 7130.72236  7130.7236   4.0 1 1 
	        888.71 7125.81927    7125.82   4.0 1 1 
	        910.82 7124.55932  7124.5607   4.0 1 1 
	       1086.86 7114.39643  7114.3984   4.0 1 1 
	       1112.11 7112.91937  7112.9189   4.0 1 1 
	       1164.16 7109.85864  7109.8602   4.0 1 1 
	       1175.67 7109.17922  7109.1819   4.0 1 1 
	       1204.42 7107.47734  7107.4778   4.0 1 1 
	       1320.98 7100.51395  7100.5144   4.0 1 1 
	       1504.48 7089.34012  7089.3395   4.0 1 1 
	       1547.13 7086.70643  7086.7044   4.0 1 1 
	       1587.99 7084.16978   7084.169   4.0 1 1 
	       1728.73 7075.33608  7075.3336   4.0 1 1 
	       1745.75 7074.25771  7074.2563   4.0 1 1 
	       1775.07 7072.39417  7072.3939   4.0 1 1 
	       1832.32 7068.73719  7068.7358   4.0 1 1 
	       1946.12 7061.39371  7061.3942   4.0 1 1 
	       1957.50 7060.65376  7060.6538   4.0 1 1 
	       1966.96 7060.03803  7060.0417   4.0 1 1 
	function chebyshev
	order 4
	sample *
	naverage 1
	niterate 2000
	low_reject 3.
	high_reject 3.
	grow 0.
	coefficients	8
		1.
		4.
		88.67867279052734
		1966.963500976562
		7116.148936004471
		-54.42816446384713
		-1.682111384092679
		-6.340107338813536E-4

