	aplow	1451.9
	aphigh	1460.54
	units	Angstroms
	features	27
	        193.66 6512.35976  6512.3639   4.0 1 1 
	        263.91 6509.05087  6509.0503   4.0 1 1 
	        307.37 6506.98654  6506.9868   4.0 1 1 
	        379.82 6503.51552  6503.5111   4.0 1 1 
	        411.35 6501.99378  6501.9919   4.0 1 1 
	        503.74 6497.49427  6497.4919   4.0 1 1 
	        575.30 6493.96827  6493.9694   4.0 1 1 
	        590.83 6493.19835  6493.1975   4.0 1 1 
	        640.27 6490.73603  6490.7372   4.0 1 1 
	        677.36 6488.87737  6488.8832   4.0 1 1 
	        705.09 6487.48188  6487.4811   4.0 1 1 
	        746.64 6485.38032  6485.3759   4.0 1 1 
	        791.82 6483.08191  6483.0825   4.0 1 1 
	       1020.88 6471.20925  6471.2131   4.0 1 1 
	       1222.15 6460.47588   6460.475   4.0 1 1 
	       1281.04 6457.28221  6457.2824   4.0 1 1 
	       1318.03 6455.26387  6455.2647   4.0 1 1 
	       1376.39 6452.06028  6452.0591   4.0 1 1 
	       1396.50 6450.95111  6450.9557   4.0 1 1 
	       1413.56 6450.00748   6450.006   4.0 1 1 
	       1471.82 6446.77103  6446.7712   4.0 1 1 
	       1523.88 6443.85906  6443.8598   4.0 1 1 
	       1558.64  6441.9037  6441.8994   4.0 1 1 
	       1788.30 6428.77785  6428.7733   4.0 1 1 
	       1889.15 6422.89836  6422.8969   4.0 1 1 
	       1902.72 6422.10209  6422.1075   4.0 1 1 
	       2013.76 6415.53716  6415.5374   4.0 1 1 
	function chebyshev
	order 4
	sample *
	naverage 1
	niterate 2000
	low_reject 3.
	high_reject 3.
	grow 0.
	coefficients	8
		1.
		4.
		193.6573486328125
		2013.75927734375
		6465.387452466258
		-48.41307763863545
		-1.438991730229759
		0.001774129609922127

