	aplow	1320.23
	aphigh	1329.96
	units	Angstroms
	features	33
	         85.23 5514.87074  5514.8731   4.0 1 1 
	        209.13 5509.99184  5509.9938   4.0 1 1 
	        245.07 5508.56023  5508.5585   4.0 1 1 
	        270.49 5507.54305  5507.5385   4.0 1 1 
	        286.00 5506.92081  5506.9196   4.0 1 1 
	        306.00 5506.11613  5506.1128   4.0 1 1 
	        350.87 5504.30221  5504.3018   4.0 1 1 
	        408.88 5501.93988  5501.9439   4.0 1 1 
	        424.95 5501.28193  5501.2814   4.0 1 1 
	        464.75 5499.64568  5499.6478   4.0 1 1 
	        474.23 5499.25456  5499.2554   4.0 1 1 
	        592.55 5494.32977  5494.3306   4.0 1 1 
	        619.35 5493.20264   5493.204   4.0 1 1 
	        632.63 5492.64237  5492.6435   4.0 1 1 
	        831.10 5484.14763  5484.1467   4.0 1 1 
	        947.04 5479.07709  5479.0751   4.0 1 1 
	       1133.36  5470.7608  5470.7591   4.0 1 1 
	       1277.03 5464.20769  5464.2055   4.0 1 1 
	       1311.62 5462.61144  5462.6129   4.0 1 1 
	       1330.62 5461.73196  5461.7358   4.0 1 1 
	       1533.25  5452.2191  5452.2187   4.0 1 1 
	       1545.14 5451.65345   5451.652   4.0 1 1 
	       1590.72 5449.47728  5449.4788   4.0 1 1 
	       1615.84 5448.27313  5448.2719   4.0 1 1 
	       1639.11 5447.15401  5447.1536   4.0 1 1 
	       1710.71 5443.69185  5443.6893   4.0 1 1 
	       1774.19 5440.59787  5440.6015   4.0 1 1 
	       1824.28 5438.14018  5438.1374   4.0 1 1 
	       1869.92 5435.88863  5435.8925   4.0 1 1 
	       1885.40 5435.12209  5435.1229   4.0 1 1 
	       1904.97 5434.15144  5434.1514   4.0 1 1 
	       1922.27 5433.29176  5433.2919   4.0 1 1 
	       1965.92 5431.11446   5431.112   4.0 1 1 
	function chebyshev
	order 5
	sample *
	naverage 1
	niterate 2000
	low_reject 3.
	high_reject 3.
	grow 0.
	coefficients	9
		1.
		5.
		85.23458862304688
		1965.924560546875
		5474.291550087044
		-41.88113839040707
		-1.302074546100472
		0.002995878008702263
		0.003124100744820285

