	aplow	923.13
	aphigh	931.13
	units	Angstroms
	features	43
	        218.03 4116.71302  4116.7137   4.0 1 1 
	        250.08  4115.7585  4115.7589   4.0 1 1 
	        350.01 4112.75454  4112.7545   6.0 1 1 
	        413.31 4110.82964   4110.826   6.0 1 1 
	        462.45 4109.32325  4109.3234   6.0 1 1 
	        491.76 4108.41981  4108.4198   4.0 1 1 
	        536.07 4107.04705  4107.0506   4.0 1 1 
	        606.68 4104.84194  4104.8385   4.0 1 1 
	        621.40 4104.37951  4104.3821   4.0 1 1 
	        677.15 4102.61907  4102.6177   4.0 1 1 
	        748.64 4100.34215  4100.3414   4.0 1 1 
	        792.64 4098.92958  4098.9327   4.0 1 1 
	        829.24 4097.74827  4097.7478   4.0 1 1 
	        880.67 4096.07806  4096.0759   6.0 1 1 
	        921.37 4094.74786   4094.747   6.0 1 1 
	        954.15 4093.67141  4093.6713   6.0 1 1 
	        962.74 4093.38854  4093.3921   6.0 1 1 
	       1090.61 4089.13909  4089.1379   6.0 1 1 
	       1103.02 4088.72287  4088.7264   4.0 1 1 
	       1145.82 4087.28231  4087.2848   4.0 1 1 
	       1168.33 4086.52139  4086.5205   6.0 1 1 
	       1200.38 4085.43397  4085.4341   4.0 1 1 
	       1211.88 4085.04275  4085.0421   4.0 1 1 
	       1224.18 4084.62382  4084.6192   6.0 1 1 
	       1257.95 4083.46978  4083.4688   4.0 1 1 
	       1289.47 4082.38815  4082.3872   4.0 1 1 
	       1319.07 4081.36827  4081.3678   6.0 1 1 
	       1370.86 4079.57504  4079.5738   6.0 1 1 
	       1391.05 4078.87284  4078.8751   4.0 1 1 
	       1446.27 4076.94305  4076.9432   4.0 1 1 
	       1455.22 4076.62911  4076.6284   4.0 1 1 
	       1487.26 4075.50234   4075.503   6.0 1 1 
	       1533.89 4073.85422  4073.8563   6.0 1 1 
	       1575.24  4072.3849  4072.3849   4.0 1 1 
	       1635.24 4070.24039  4070.2383   4.0 1 1 
	       1664.18 4069.20026  4069.2014   6.0 1 1 
	       1712.66  4067.4501  4067.4507   4.0 1 1 
	       1798.36 4064.33246  4064.3315   4.0 1 1 
	       1823.68 4063.40542  4063.4071   6.0 1 1 
	       1936.20  4059.2537  4059.2529   6.0 1 1 
	function chebyshev
	order 5
	sample *
	naverage 1
	niterate 2000
	low_reject 3.
	high_reject 3.
	grow 0.
	coefficients	9
		1.
		5.
		218.0302276611328
		1936.200073242188
		4088.785304996703
		-28.732074521124
		-0.8038629738923097
		0.002417070818709166
		0.001917294850183463

