	aplow	1541.15
	aphigh	1548.69
	units	Angstroms
	features	21
	         16.50 7630.31422  7630.3106   4.0 1 1 
	         43.28 7628.87973  7628.8818   4.0 1 1 
	         74.98 7627.17325  7627.1749   4.0 1 1 
	        102.16  7625.7039  7625.7053   4.0 1 1 
	        236.66 7618.34548  7618.3443   4.0 1 1 
	        424.50 7607.82441   7607.823   4.0 1 1 
	        591.96  7598.2047  7598.2054   4.0 1 1 
	        743.33 7589.31355  7589.3151   4.0 1 1 
	       1069.57 7569.51994  7569.5115   4.0 1 1 
	       1098.28 7567.73684  7567.7417   4.0 1 1 
	       1117.68 7566.52836  7566.5296   4.0 1 1 
	       1128.54 7565.85036  7565.8515   4.0 1 1 
	       1388.81 7549.31491  7549.3138   4.0 1 1 
	       1570.77 7537.42835  7537.4287   4.0 1 1 
	       1585.82 7536.43268  7536.4365   4.0 1 1 
	       1665.29 7531.14664  7531.1437   4.0 1 1 
	       1704.97 7528.48843  7528.4892   4.0 1 1 
	       1749.23 7525.50794  7525.5079   4.0 1 1 
	       1784.29 7523.13568  7523.1347   4.0 1 1 
	       1949.92 7511.79277  7511.7902   4.0 1 1 
	       1969.96 7510.40548  7510.4082   4.0 1 1 
	function chebyshev
	order 4
	sample *
	naverage 1
	niterate 2000
	low_reject 3.
	high_reject 3.
	grow 0.
	coefficients	8
		1.
		4.
		16.50498008728027
		1969.9560546875
		7572.294450184644
		-59.95245484043009
		-1.934601016332912
		-0.001915173562863136

