	aplow	1463.56
	aphigh	1472.14
	units	Angstroms
	features	34
	         49.97 6639.74078  6639.7403   4.0 1 1 
	         67.66 6638.91212  6638.9119   6.0 1 1 
	         82.37 6638.22149  6638.2207   4.0 1 1 
	        183.03 6633.45552  6633.4579   4.0 1 1 
	        211.73 6632.08387  6632.0837   6.0 1 1 
	        440.15 6620.96221  6620.9665   6.0 1 1 
	        460.66 6619.94564  6619.9458   4.0 1 1 
	        496.41 6618.16667  6618.1668   6.0 1 1 
	        509.30 6617.52266  6617.5154   4.0 1 1 
	        747.55 6605.41422  6605.4165   6.0 1 1 
	        758.40 6604.85321  6604.8534   4.0 1 1 
	        798.71 6602.76169   6602.762   4.0 1 1 
	        861.47 6599.48239  6599.4824   4.0 1 1 
	        876.75  6598.6798  6598.6778   6.0 1 1 
	        925.47 6596.10939  6596.1141   6.0 1 1 
	        966.40 6593.93719  6593.9391   4.0 1 1 
	        975.19 6593.46911  6593.4628   6.0 1 1 
	       1012.37 6591.48344  6591.4845   4.0 1 1 
	       1067.11 6588.54171  6588.5396   6.0 1 1 
	       1152.60 6583.90485   6583.906   4.0 1 1 
	       1219.74  6580.2269  6580.2299   6.0 1 1 
	       1266.39 6577.65271  6577.6552   6.0 1 1 
	       1274.25 6577.21728  6577.2146   6.0 1 1 
	       1293.92 6576.12623  6576.1221   4.0 1 1 
	       1490.56  6565.0696    6565.07   6.0 1 1 
	       1501.56 6564.44317  6564.4445   6.0 1 1 
	       1578.28 6560.04996  6560.0574   6.0 1 1 
	       1598.62 6558.87801  6558.8756   4.0 1 1 
	       1679.99 6554.16269  6554.1603   4.0 1 1 
	       1722.07 6551.70617  6551.7055   4.0 1 1 
	       1747.91 6550.19154  6550.1877   6.0 1 1 
	       1951.26 6538.11423   6538.112   6.0 1 1 
	       1984.02 6536.14262  6536.1441   6.0 1 1 
	function chebyshev
	order 5
	sample *
	naverage 1
	niterate 2000
	low_reject 3.
	high_reject 3.
	grow 0.
	coefficients	9
		1.
		5.
		49.96707534790039
		1984.0205078125
		6589.585603241433
		-51.80248659344331
		-1.64692940216478
		0.003408581536224948
		0.003025186880389995

