	aplow	877.07
	aphigh	885.15
	units	Angstroms
	features	37
	        121.93 4027.00518  4027.0091   6.0 1 1 
	        198.43 4024.80385  4024.8025   4.0 1 1 
	        350.27 4020.35931  4020.3541   4.0 1 1 
	        391.61 4019.13197  4019.1289   6.0 1 1 
	        538.39 4014.71489  4014.7164   6.0 1 1 
	        566.54 4013.85729  4013.8566   6.0 1 1 
	        611.03 4012.49489  4012.4952   6.0 1 1 
	        635.63 4011.73783  4011.7398   4.0 1 1 
	        749.20 4008.20954  4008.2102   4.0 1 1 
	        787.14 4007.01859  4007.0188   4.0 1 1 
	        807.56 4006.37516  4006.3806   4.0 1 1 
	        820.74 4005.95867  4005.9615   4.0 1 1 
	        848.07 4005.09334  4005.0928   4.0 1 1 
	        904.03 4003.31082  4003.3086   4.0 1 1 
	        948.35 4001.89002  4001.8935   4.0 1 1 
	        974.17 4001.05838  4001.0581   4.0 1 1 
	        998.22 4000.28118  4000.2811   6.0 1 1 
	       1108.88 3996.67399  3996.6687   4.0 1 1 
	       1127.37 3996.06618  3996.0617   4.0 1 1 
	       1210.86 3993.30381  3993.2989   4.0 1 1 
	       1248.51 3992.04874  3992.0535   6.0 1 1 
	       1257.85 3991.73652  3991.7309   4.0 1 1 
	       1295.01 3990.49046  3990.4922   4.0 1 1 
	       1392.14 3987.20606  3987.2061   6.0 1 1 
	       1460.46 3984.87228  3984.8795   4.0 1 1 
	       1540.63 3982.10927   3982.102   4.0 1 1 
	       1579.73 3980.75196   3980.755   6.0 1 1 
	       1598.78  3980.0885  3980.0896   4.0 1 1 
	       1619.76 3979.35601  3979.3559   6.0 1 1 
	       1758.18 3974.47736  3974.4766   6.0 1 1 
	       1809.81 3972.63751  3972.6395   6.0 1 1 
	       1823.29 3972.15548  3972.1545   6.0 1 1 
	       1910.95 3969.00187  3969.0026   6.0 1 1 
	       1955.33 3967.39319  3967.3921   6.0 1 1 
	function chebyshev
	order 4
	sample *
	naverage 1
	niterate 2000
	low_reject 3.
	high_reject 3.
	grow 0.
	coefficients	8
		1.
		4.
		121.9268798828125
		1955.32861328125
		3998.084590879463
		-29.81081407595259
		-0.8854047355849687
		0.004822441423508649

