	aplow	1498.08
	aphigh	1505.95
	units	Angstroms
	features	24
	         50.24 7030.24879  7030.2514   6.0 1 1 
	         94.99 7028.02447  7028.0228   4.0 1 1 
	        126.20 7026.46487  7026.4616   4.0 1 1 
	        228.88 7021.28331  7021.2832   4.0 1 1 
	        244.58 7020.48401  7020.4841   4.0 1 1 
	        282.09 7018.56729  7018.5675   6.0 1 1 
	        345.34 7015.31165  7015.3172   4.0 1 1 
	        581.61 7002.88673  7002.8829   4.0 1 1 
	        620.48 7000.80268  7000.8036   6.0 1 1 
	        642.28 6999.62877  6999.6238   4.0 1 1 
	        763.58 6993.03274  6993.0371   6.0 1 1 
	        778.48  6992.2146  6992.2126   6.0 1 1 
	        824.94 6989.65369  6989.6553   6.0 1 1 
	        890.26 6986.02557  6986.0298   6.0 1 1 
	        900.11 6985.47622  6985.4718   4.0 1 1 
	        978.37  6981.0814  6981.0831   6.0 1 1 
	       1338.85 6960.24894    6960.25   4.0 1 1 
	       1432.80 6954.66032   6954.656   4.0 1 1 
	       1485.79 6951.47876  6951.4776   4.0 1 1 
	       1584.64 6945.48739  6945.4902   6.0 1 1 
	       1615.36 6943.61062  6943.6105   4.0 1 1 
	       1632.90 6942.53557   6942.538   4.0 1 1 
	       1711.93 6937.66363  6937.6642   4.0 1 1 
	       1728.19 6936.65509  6936.6528   6.0 1 1 
	function chebyshev
	order 6
	sample *
	naverage 1
	niterate 2000
	low_reject 3.
	high_reject 3.
	grow 0.
	coefficients	10
		1.
		6.
		50.2380142211914
		1728.192138671875
		6984.767716143304
		-46.79532477628817
		-1.316071764969966
		-9.043716108733808E-4
		2.942881181107026E-4
		-6.188777232574309E-4

