	aplow	1276.03
	aphigh	1285.65
	units	Angstroms
	features	31
	         50.00 5272.64468  5272.6439   4.0 1 1 
	        530.20 5254.45935  5254.4648   6.0 1 1 
	        555.80 5253.44375  5253.4441   6.0 1 1 
	        620.12 5250.87257  5250.8727   6.0 1 1 
	        699.64 5247.65685  5247.6547   4.0 1 1 
	        880.44 5240.20092  5240.1968   4.0 1 1 
	        895.94 5239.55275   5239.552   4.0 1 1 
	        913.52 5238.81604  5238.8137   4.0 1 1 
	       1045.49 5233.22681  5233.2254   6.0 1 1 
	       1093.73 5231.15946  5231.1597   6.0 1 1 
	       1143.95  5228.9931  5228.9951   6.0 1 1 
	       1161.68 5228.22517  5228.2246   6.0 1 1 
	       1320.37 5221.27299   5221.271   6.0 1 1 
	       1369.17 5219.10737  5219.1099   6.0 1 1 
	       1382.24 5218.52547  5218.5271   6.0 1 1 
	       1425.34 5216.59902  5216.5966   6.0 1 1 
	       1497.53 5213.34958  5213.3492   4.0 1 1 
	       1544.30 5211.22879  5211.2305   6.0 1 1 
	       1577.36 5209.72302  5209.7246   6.0 1 1 
	       1619.45 5207.79669  5207.8015   6.0 1 1 
	       1676.84 5205.15439  5205.1522   4.0 1 1 
	       1705.13 5203.84491  5203.8479   6.0 1 1 
	       1744.55 5202.01299  5202.0087   4.0 1 1 
	       1805.42 5199.16653  5199.1637   4.0 1 1 
	       1813.11 5198.80551  5198.7999   6.0 1 1 
	       1846.43 5197.23681   5197.236   6.0 1 1 
	       1876.55 5195.81353  5195.8136   6.0 1 1 
	       1905.15 5194.45675  5194.4576   6.0 1 1 
	       1918.37  5193.8282  5193.8256   4.0 1 1 
	       1980.36 5190.86587   5190.872   6.0 1 1 
	function chebyshev
	order 5
	sample *
	naverage 1
	niterate 2000
	low_reject 3.
	high_reject 3.
	grow 0.
	coefficients	9
		1.
		5.
		49.99860382080078
		1980.3583984375
		5233.152945280201
		-40.93501598352413
		-1.382084318553187
		0.04561240249697634
		-0.0155837803852755

