	aplow	1439.7
	aphigh	1448.6
	units	Angstroms
	features	33
	         92.80 6400.69285  6400.6961   4.0 1 1 
	        125.52 6399.20586  6399.2065   4.0 1 1 
	        321.84   6390.129  6390.1289   4.0 1 1 
	        337.52 6389.39263    6389.39   4.0 1 1 
	        349.84 6388.81289  6388.8134   4.0 1 1 
	        379.80 6387.39889  6387.3957   4.0 1 1 
	        436.23 6384.71884  6384.7169   4.0 1 1 
	        541.15 6379.67739  6379.6733   4.0 1 1 
	        597.70 6376.92912  6376.9305   4.0 1 1 
	        699.17 6371.94322  6371.9436   4.0 1 1 
	        746.91 6369.57285  6369.5748   4.0 1 1 
	        840.29 6364.89163  6364.8937   4.0 1 1 
	        892.43 6362.25156  6362.2518   4.0 1 1 
	        942.95 6359.67608  6359.6744   4.0 1 1 
	        953.62 6359.13006  6359.1345   4.0 1 1 
	        963.57 6358.62022  6358.6211   4.0 1 1 
	        981.91 6357.67808  6357.6779   4.0 1 1 
	        994.64 6357.02317  6357.0229   4.0 1 1 
	       1153.91 6348.73359  6348.7375   4.0 1 1 
	       1203.43   6346.121  6346.1209   4.0 1 1 
	       1264.82 6342.85881  6342.8595   4.0 1 1 
	       1324.38 6339.66879  6339.6684   4.0 1 1 
	       1362.35 6337.62281  6337.6201   4.0 1 1 
	       1476.46 6331.41529  6331.4137   4.0 1 1 
	       1551.58 6327.27963  6327.2778   4.0 1 1 
	       1568.03 6326.36905  6326.3669   4.0 1 1 
	       1732.10 6317.18536  6317.1824   4.0 1 1 
	       1757.03 6315.77398   6315.775   4.0 1 1 
	       1844.16  6310.8071  6310.8101   4.0 1 1 
	       1872.90 6309.15779    6309.16   4.0 1 1 
	       1898.93 6307.65871   6307.657   4.0 1 1 
	       1975.03 6303.25015  6303.2507   4.0 1 1 
	function chebyshev
	order 4
	sample *
	naverage 1
	niterate 2000
	low_reject 3.
	high_reject 3.
	grow 0.
	coefficients	8
		1.
		4.
		92.80360412597655
		1975.031616210937
		6353.483207087098
		-48.72196275360328
		-1.511710085118014
		6.115149030152121E-4

