	aplow	1107.77
	aphigh	1116.43
	units	Angstroms
	features	41
	         79.80 4596.09476  4596.0967   6.0 1 1 
	        100.62  4595.4186  4595.4206   6.0 1 1 
	        184.66 4592.66724   4592.666   4.0 1 1 
	        268.10 4589.90077  4589.8978   4.0 1 1 
	        287.07 4589.26695  4589.2668   6.0 1 1 
	        312.10 4588.42796  4588.4261   4.0 1 1 
	        563.62 4579.82535  4579.8272   4.0 1 1 
	        577.24 4579.35055  4579.3495   4.0 1 1 
	        737.24 4573.70459  4573.7038   4.0 1 1 
	        813.39 4570.97329  4570.9722   6.0 1 1 
	        881.07 4568.52171  4568.5235   4.0 1 1 
	        891.52 4568.14102  4568.1426   4.0 1 1 
	        916.19 4567.24073  4567.2403   6.0 1 1 
	        981.69 4564.83541  4564.8354   6.0 1 1 
	        993.31 4564.40629  4564.4054   6.0 1 1 
	       1045.34 4562.47766  4562.4756   4.0 1 1 
	       1056.08 4562.07822  4562.0803   4.0 1 1 
	       1075.68 4561.34727  4561.3477   4.0 1 1 
	       1130.06 4559.30893   4559.312   4.0 1 1 
	       1155.65 4558.34492  4558.3458   4.0 1 1 
	       1207.44 4556.38412  4556.3872   6.0 1 1 
	       1222.49 4555.81185  4555.8127   4.0 1 1 
	       1335.49 4551.47974  4551.4736   4.0 1 1 
	       1431.26 4547.75931  4547.7589   4.0 1 1 
	       1444.40 4547.24509  4547.2498   4.0 1 1 
	       1458.83 4546.68003  4546.6757   4.0 1 1 
	       1478.31 4545.91524  4545.9156   4.0 1 1 
	       1500.22 4545.05254  4545.0519   4.0 1 1 
	       1513.77 4544.51821  4544.5142   4.0 1 1 
	       1530.18 4543.86928  4543.8692   4.0 1 1 
	       1541.77 4543.41066  4543.4153   4.0 1 1 
	       1602.41 4540.99918   4540.999   4.0 1 1 
	       1686.09 4537.64206  4537.6426   4.0 1 1 
	       1727.20 4535.98049  4535.9798   6.0 1 1 
	       1745.06 4535.25584  4535.2546   6.0 1 1 
	       1772.99 4534.11989  4534.1198   6.0 1 1 
	       1818.60 4532.25636  4532.2577   4.0 1 1 
	       1860.15 4530.55049  4530.5523   4.0 1 1 
	function chebyshev
	order 4
	sample *
	naverage 1
	niterate 2000
	low_reject 3.
	high_reject 3.
	grow 0.
	coefficients	8
		1.
		4.
		79.80402374267578
		1860.145751953125
		4564.294867612221
		-32.774290037083
		-0.9722394595050063
		0.002154535268111688

