	aplow	1530.69
	aphigh	1538.13
	units	Angstroms
	features	24
	         20.42 7471.16319  7471.1641   4.0 1 1 
	        195.47 7461.87173  7461.8746   4.0 1 1 
	        318.31 7455.20663   7455.208   4.0 1 1 
	        451.30 7447.85551  7447.8488   4.0 1 1 
	        506.69  7444.7527  7444.7489   4.0 1 1 
	        581.99 7440.49549  7440.4933   4.0 1 1 
	        655.48 7436.29753   7436.297   4.0 1 1 
	        671.63 7435.36913  7435.3683   4.0 1 1 
	        760.01 7430.25208  7430.2533   4.0 1 1 
	        782.50  7428.9402  7428.9405   4.0 1 1 
	        844.69 7425.29105  7425.2942   4.0 1 1 
	        895.10 7422.31077  7422.3118   4.0 1 1 
	        958.28 7418.54721  7418.5499   4.0 1 1 
	        970.99 7417.78609  7417.7908   4.0 1 1 
	       1061.41 7412.33558  7412.3368   4.0 1 1 
	       1071.25 7411.73848  7411.7363   4.0 1 1 
	       1366.96 7393.43627  7393.4377   4.0 1 1 
	       1491.81 7385.50041  7385.5006   4.0 1 1 
	       1570.63 7380.42673  7380.4263   4.0 1 1 
	       1625.30 7376.87823  7376.8772   4.0 1 1 
	       1698.01 7372.12273  7372.1184   4.0 1 1 
	       1717.68 7370.82867  7370.8255   4.0 1 1 
	       1979.86  7353.2892   7353.293   4.0 1 1 
	       2016.22 7350.81367   7350.814   4.0 1 1 
	function chebyshev
	order 4
	sample *
	naverage 1
	niterate 2000
	low_reject 3.
	high_reject 3.
	grow 0.
	coefficients	8
		1.
		4.
		20.42217636108398
		2016.21728515625
		7412.964882806097
		-60.1738207704362
		-1.976453519126476
		-9.431234826018450E-4

