	aplow	968.06
	aphigh	975.85
	units	Angstroms
	features	32
	         47.65 4218.66449  4218.6649   4.0 1 1 
	         88.98 4217.43426  4217.4308   4.0 1 1 
	        124.59 4216.36838  4216.3722   4.0 1 1 
	        175.74 4214.82823  4214.8285   4.0 1 1 
	        233.73 4213.06793  4213.0673   4.0 1 1 
	        303.73  4210.9239  4210.9232   4.0 1 1 
	        359.56 4209.19812  4209.1964   4.0 1 1 
	        369.62 4208.88595  4208.8907   4.0 1 1 
	        384.88 4208.41099  4208.4108   4.0 1 1 
	        410.38 4207.61559  4207.6122   4.0 1 1 
	        629.10  4200.6734  4200.6745   4.0 1 1 
	        701.89  4198.3156   4198.317   4.0 1 1 
	        805.01  4194.9347  4194.9318   4.0 1 1 
	        862.89 4193.01635  4193.0164   4.0 1 1 
	        882.56 4192.36073   4192.362   4.0 1 1 
	        922.35 4191.02948  4191.0294   4.0 1 1 
	        931.78 4190.71291  4190.7129   4.0 1 1 
	       1037.36 4187.14153   4187.141   4.0 1 1 
	       1095.78 4185.14385  4185.1447   4.0 1 1 
	       1125.01 4184.13863  4184.1376   4.0 1 1 
	       1190.13  4181.8849  4181.8836   4.0 1 1 
	       1245.40 4179.95721  4179.9601   4.0 1 1 
	       1276.96 4178.85023  4178.8481   4.0 1 1 
	       1290.80 4178.36354  4178.3658   4.0 1 1 
	       1510.20 4170.53144  4170.5333   4.0 1 1 
	       1562.43 4168.63519  4168.6341   4.0 1 1 
	       1640.81 4165.76654  4165.7661   4.0 1 1 
	       1683.79  4164.1823  4164.1795   4.0 1 1 
	       1833.80 4158.58862  4158.5905   4.0 1 1 
	       1888.80 4156.51326  4156.5166   4.0 1 1 
	       1935.95  4154.7235  4154.7205   4.0 1 1 
	function chebyshev
	order 5
	sample *
	naverage 1
	niterate 2000
	low_reject 3.
	high_reject 3.
	grow 0.
	coefficients	9
		1.
		5.
		47.64565658569336
		1935.94775390625
		4187.689581389257
		-31.96986432291287
		-0.9975483191433286
		-6.284678383152026E-4
		0.001962517582508725

