    aplow   779.00
    aphigh  787.00
	features	15
            167.56  3852.1352   3852.1352   4.0 1 1
            354.47  3846.6268   3846.6268   4.0 1 1
            493.08  3842.5503   3842.5503   4.0 1 1
            540.31  3841.5185   3841.5185   4.0 1 1
            565.17  3840.8001   3840.8001   4.0 1 1
            664.13  3837.8755   3837.8755   4.0 1 1
            771.03  3834.6782   3834.6782   4.0 1 1
            899.38  3830.7737   3830.7737   4.0 1 1
            922.45  3830.0604   3830.0604   4.0 1 1
            976.95  3828.3846   3828.3846   4.0 1 1
           1081.86  3825.6725   3825.6725   4.0 1 1
           1137.32  3823.9924   3823.9924   4.0 1 1
           1436.72  3813.8150   3813.8150   4.0 1 1
           1456.66  3813.0679   3813.0679   4.0 1 1
           1520.12  3810.9955   3810.9955   4.0 1 1
