	aplow	1427.35
	aphigh	1436.33
	units	Angstroms
	features	31
	         30.44 6291.18983  6291.1915   4.0 1 1 
	         68.82 6289.48951  6289.4882   4.0 1 1 
	        118.89 6287.25614  6287.2554   4.0 1 1 
	        339.14 6277.23927  6277.2385   4.0 1 1 
	        461.38 6271.54187  6271.5444   4.0 1 1 
	        605.07 6264.71732  6264.7139   4.0 1 1 
	        673.53  6261.4172  6261.4181   4.0 1 1 
	        731.33 6258.60641  6258.6068   4.0 1 1 
	        755.55 6257.42175  6257.4237   4.0 1 1 
	        937.35  6248.4043  6248.4055   4.0 1 1 
	        981.60 6246.17582  6246.1736   4.0 1 1 
	       1003.98 6245.04383  6245.0409   4.0 1 1 
	       1041.89 6243.11837  6243.1201   4.0 1 1 
	       1084.31 6240.95221  6240.9536   4.0 1 1 
	       1108.47 6239.71298  6239.7121   4.0 1 1 
	       1202.45 6234.85559  6234.8554   4.0 1 1 
	       1238.57 6232.97265  6232.9745   4.0 1 1 
	       1363.93 6226.37008  6226.3697   4.0 1 1 
	       1398.57 6224.52732  6224.5272   4.0 1 1 
	       1458.46 6221.32203  6221.3192   4.0 1 1 
	       1482.82 6220.01111  6220.0112   4.0 1 1 
	       1558.09 6215.93631  6215.9383   4.0 1 1 
	       1707.22 6207.75182  6207.7504   4.0 1 1 
	       1716.85 6207.21821  6207.2201   4.0 1 1 
	       1741.31 6205.86029  6205.8599   4.0 1 1 
	       1783.82 6203.49091  6203.4925   4.0 1 1 
	       1826.48 6201.10109  6201.1002   4.0 1 1 
	       1838.34 6200.43436  6200.4325   4.0 1 1 
	       1877.60 6198.22176  6198.2227   4.0 1 1 
	       1954.56  6193.8549  6193.8563   4.0 1 1 
	       1988.69 6191.90649  6191.9053   4.0 1 1 
	function chebyshev
	order 5
	sample *
	naverage 1
	niterate 2000
	low_reject 3.
	high_reject 3.
	grow 0.
	coefficients	9
		1.
		5.
		30.44480323791504
		1988.688232421875
		6243.151174173136
		-49.64191854168217
		-1.606217183649016
		2.490920841693671E-4
		0.003202434754447276

