	aplow	1229.09
	aphigh	1238.09
	units	Angstroms
	features	39
	         32.90 5050.78168  5050.7842   4.0 1 1 
	         60.63 5049.79681   5049.796   4.0 1 1 
	        137.54 5047.04442  5047.0434   4.0 1 1 
	        187.24 5045.24953  5045.2481   4.0 1 1 
	        201.78 5044.72196  5044.7195   4.0 1 1 
	        235.05 5043.51074  5043.5145   4.0 1 1 
	        287.23 5041.59886  5041.5998   4.0 1 1 
	        300.11 5041.12476  5041.1224   4.0 1 1 
	        351.29  5039.2323  5039.2303   4.0 1 1 
	        598.48 5029.89281  5029.8916   4.0 1 1 
	        621.46 5029.00787  5029.0119   4.0 1 1 
	        630.71 5028.65091  5028.6556   4.0 1 1 
	        757.53 5023.70896  5023.7084   4.0 1 1 
	        800.61 5022.01001  5022.0051   4.0 1 1 
	        819.73 5021.25301  5021.2531   4.0 1 1 
	        837.63 5020.54204  5020.5458   4.0 1 1 
	        856.08 5019.80785  5019.8062   4.0 1 1 
	        900.01 5018.05159  5018.0535   4.0 1 1 
	        937.73 5016.53579  5016.5356   4.0 1 1 
	        953.62 5015.89451  5015.8893   4.0 1 1 
	       1062.18 5011.47812  5011.4774   4.0 1 1 
	       1088.13 5010.41293  5010.4174   4.0 1 1 
	       1114.24 5009.33776  5009.3344   4.0 1 1 
	       1142.09 5008.18643  5008.1897   4.0 1 1 
	       1287.68 5002.09969  5002.0972   4.0 1 1 
	       1475.01 4994.10076  4994.1058   4.0 1 1 
	       1483.00 4993.75518  4993.7488   4.0 1 1 
	       1520.59 4992.12604  4992.1257   4.0 1 1 
	       1585.20 4989.30793  4989.3086   4.0 1 1 
	       1625.08 4987.55772  4987.5582   4.0 1 1 
	       1634.42 4987.14677   4987.147   4.0 1 1 
	       1661.55 4985.94983  4985.9486   4.0 1 1 
	       1674.64 4985.37134  4985.3725   4.0 1 1 
	       1739.60 4982.48557  4982.4875   4.0 1 1 
	       1774.01 4980.94864  4980.9513   4.0 1 1 
	       1791.05 4980.18512  4980.1859   4.0 1 1 
	       1884.94 4975.95175  4975.9485   4.0 1 1 
	       1968.11  4972.1644  4972.1597   4.0 1 1 
	       2013.68 4970.07463  4970.0785   4.0 1 1 
	function chebyshev
	order 5
	sample *
	naverage 1
	niterate 2000
	low_reject 3.
	high_reject 3.
	grow 0.
	coefficients	9
		1.
		5.
		32.89529800415039
		2013.681640625
		5011.74384483954
		-40.35852188208876
		-1.319800999943287
		0.004995417024076067
		0.004110841176178126

