	aplow	1415.01
	aphigh	1423.91
	units	Angstroms
	features	23
	         33.07 6182.62089  6182.6217   4.0 1 1 
	         77.05 6180.70417   6180.705   4.0 1 1 
	        128.81 6178.43253  6178.4315   4.0 1 1 
	        248.85 6173.09847  6173.0964   4.0 1 1 
	        267.14 6172.27797  6172.2778   4.0 1 1 
	        321.59 6169.82155  6169.8221   4.0 1 1 
	        438.58 6164.47918  6164.4796   4.0 1 1 
	        704.69 6151.99245  6151.9929   4.0 1 1 
	        840.50 6145.43954   6145.441   4.0 1 1 
	       1258.88 6124.48154  6124.4805   4.0 1 1 
	       1271.43 6123.83484  6123.8331   4.0 1 1 
	       1280.64 6123.35976  6123.3619   4.0 1 1 
	       1334.76 6120.55605  6120.5564   4.0 1 1 
	       1418.74 6116.16736  6116.1661   4.0 1 1 
	       1442.37 6114.92431  6114.9234   4.0 1 1 
	       1469.97 6113.46746  6113.4657   4.0 1 1 
	       1481.90 6112.83644  6112.8375   4.0 1 1 
	       1581.44 6107.53369  6107.5337   4.0 1 1 
	       1616.78 6105.63582  6105.6351   4.0 1 1 
	       1689.14 6101.72396  6101.7251   4.0 1 1 
	       1737.67  6099.0819  6099.0831   4.0 1 1 
	       1755.29 6098.11912  6098.1205   4.0 1 1 
	       1985.17 6085.37589  6085.3748   4.0 1 1 
	function chebyshev
	order 5
	sample *
	naverage 1
	niterate 2000
	low_reject 3.
	high_reject 3.
	grow 0.
	coefficients	9
		1.
		5.
		33.06879425048828
		1985.171264648438
		6135.56128222459
		-48.62459082593807
		-1.56722467012704
		0.002090983023383597
		0.004331591966593568

