	aplow	1070.02
	aphigh	1078.09
	units	Angstroms
	features	45
	         12.71  4483.3455  4483.3468   6.0 1 1 
	         61.45 4481.81104  4481.8107   4.0 1 1 
	        162.50 4478.59497  4478.5958   4.0 1 1 
	        266.90 4475.22324  4475.2214   4.0 1 1 
	        281.10 4474.76083  4474.7594   4.0 1 1 
	        395.76 4470.99168  4470.9906   6.0 1 1 
	        439.86 4469.52559  4469.5253   4.0 1 1 
	        475.90 4468.32056  4468.3208   4.0 1 1 
	        564.27 4465.33977  4465.3406   4.0 1 1 
	        613.42 4463.66588   4463.666   4.0 1 1 
	        675.63 4461.53024  4461.5278   6.0 1 1 
	        703.84 4460.55597  4460.5574   4.0 1 1 
	        777.30 4458.00028  4458.0015   4.0 1 1 
	        799.22 4457.23298  4457.2362   6.0 1 1 
	        814.20 4456.70707   4456.708   6.0 1 1 
	        931.13 4452.56468  4452.5655   4.0 1 1 
	        980.35 4450.80151   4450.804   6.0 1 1 
	       1015.88 4449.52113  4449.5206   6.0 1 1 
	       1033.65 4448.87889  4448.8792   4.0 1 1 
	       1062.45  4447.8341  4447.8346   4.0 1 1 
	       1079.01 4447.23166  4447.2296   6.0 1 1 
	       1115.45 4445.90111  4445.9012   6.0 1 1 
	       1176.25  4443.6672  4443.6657   4.0 1 1 
	       1192.01 4443.08508  4443.0863   4.0 1 1 
	       1231.78 4441.61131  4441.6084   4.0 1 1 
	       1251.82 4440.86568  4440.8659   4.0 1 1 
	       1278.21  4439.8809  4439.8793   6.0 1 1 
	       1289.42 4439.46159  4439.4614   4.0 1 1 
	       1298.39 4439.12574  4439.1237   6.0 1 1 
	       1308.45 4438.74826  4438.7464   4.0 1 1 
	       1354.96 4436.99782  4436.9961   4.0 1 1 
	       1373.87 4436.28321  4436.2844   6.0 1 1 
	       1438.25 4433.83756   4433.838   4.0 1 1 
	       1461.15 4432.96283  4432.9628   6.0 1 1 
	       1479.68 4432.25342  4432.2523   6.0 1 1 
	       1512.45 4430.99455  4430.9963   4.0 1 1 
	       1533.40 4430.18713   4430.189   4.0 1 1 
	       1641.18 4426.00053  4426.0011   6.0 1 1 
	       1699.33 4423.71956  4423.7202   6.0 1 1 
	       1741.74 4422.04605  4422.0479   6.0 1 1 
	       1754.45  4421.5429  4421.5439   6.0 1 1 
	       1872.25 4416.84467  4416.8447   6.0 1 1 
	       1887.36 4416.23744   4416.237   4.0 1 1 
	       1930.75 4414.48814  4414.4863   4.0 1 1 
	function chebyshev
	order 5
	sample *
	naverage 1
	niterate 2000
	low_reject 3.
	high_reject 3.
	grow 0.
	coefficients	9
		1.
		5.
		12.71261405944824
		1930.75048828125
		4450.01044259589
		-34.42946352983883
		-1.097116025012527
		7.831191289051355E-4
		0.003492304161592355

