	aplow	1196.11
	aphigh	1204.99
	units	Angstroms
	features	44
	         30.19 4912.52449  4912.5293   4.0 1 1 
	         63.37 4911.38059  4911.3787   4.0 1 1 
	         80.33 4910.79354  4910.7929   4.0 1 1 
	         98.61 4910.15873  4910.1576   4.0 1 1 
	        182.94 4907.20883  4907.2093   4.0 1 1 
	        252.25 4904.75584  4904.7516   4.0 1 1 
	        327.87 4902.05061  4902.0545   4.0 1 1 
	        417.51  4898.8045  4898.8044   4.0 1 1 
	        522.29 4894.95613  4894.9551   4.0 1 1 
	        562.92 4893.44819  4893.4453   4.0 1 1 
	        581.32 4892.76251  4892.7592   4.0 1 1 
	        642.83  4890.4572  4890.4582   4.0 1 1 
	        668.51 4889.48887  4889.4903   4.0 1 1 
	        680.31 4889.04263  4889.0422   4.0 1 1 
	        857.81  4882.2434  4882.2432   4.0 1 1 
	        867.84 4881.85405  4881.8531   4.0 1 1 
	        884.62 4881.20205  4881.2046   4.0 1 1 
	        918.95 4879.86283  4879.8635   4.0 1 1 
	        947.86 4878.73039   4878.733   4.0 1 1 
	        966.30 4878.00594  4878.0094   4.0 1 1 
	        991.57 4877.01017  4877.0015   4.0 1 1 
	       1004.75  4876.4896  4876.4949   4.0 1 1 
	       1058.35 4874.36239  4874.3645   4.0 1 1 
	       1094.54 4872.91765  4872.9169   4.0 1 1 
	       1135.16 4871.28808   4871.289   4.0 1 1 
	       1194.77 4868.88081  4868.8814   4.0 1 1 
	       1227.44 4867.55363   4867.556   4.0 1 1 
	       1267.62 4865.91385    4865.91   4.0 1 1 
	       1278.27 4865.47776  4865.4775   4.0 1 1 
	       1334.45  4863.1675  4863.1724   4.0 1 1 
	       1369.54 4861.71616  4861.7173   4.0 1 1 
	       1381.53 4861.21857  4861.2167   4.0 1 1 
	       1450.75 4858.33301  4858.3327   4.0 1 1 
	       1469.57 4857.54397  4857.5385   4.0 1 1 
	       1580.16 4852.87068  4852.8685   4.0 1 1 
	       1637.07 4850.44109  4850.4397   4.0 1 1 
	       1650.52 4849.86407  4849.8617   4.0 1 1 
	       1667.54 4849.13335  4849.1399   4.0 1 1 
	       1685.42  4848.3634  4848.3625   4.0 1 1 
	       1698.22  4847.8116  4847.8095   4.0 1 1 
	       1759.35 4845.16366  4845.1626   4.0 1 1 
	       1782.27   4844.166  4844.1653   4.0 1 1 
	       1858.16 4840.84284  4840.8492   4.0 1 1 
	       1866.48 4840.47682  4840.4744   4.0 1 1 
	function chebyshev
	order 4
	sample *
	naverage 1
	niterate 2000
	low_reject 3.
	high_reject 3.
	grow 0.
	coefficients	8
		1.
		4.
		30.19210052490234
		1866.476806640625
		4877.606303499993
		-36.0267297110586
		-1.105652455107583
		0.002895647812450556

