	aplow	1162.
	aphigh	1170.71
	units	Angstroms
	features	38
	        126.94 4778.29079   4778.294   4.0 1 1 
	        159.23 4777.19113  4777.1915   4.0 1 1 
	        171.27 4776.78005  4776.7792   4.0 1 1 
	        200.06 4775.79333   4775.794   4.0 1 1 
	        213.95  4775.3156   4775.313   4.0 1 1 
	        273.99 4773.24004   4773.241   4.0 1 1 
	        462.47  4766.6024  4766.6006   4.0 1 1 
	        490.54   4765.598   4765.595   4.0 1 1 
	        510.97  4764.8647  4764.8646   4.0 1 1 
	        525.34 4764.34761  4764.3463   4.0 1 1 
	        575.72 4762.52592  4762.5242   4.0 1 1 
	        614.65 4761.10936  4761.1101   4.0 1 1 
	        720.52 4757.21744  4757.2196   4.0 1 1 
	        849.16 4752.41149  4752.4141   4.0 1 1 
	        933.96 4749.19673  4749.2002   4.0 1 1 
	       1077.05 4743.68916   4743.687   4.0 1 1 
	       1105.97 4742.56343  4742.5671   4.0 1 1 
	       1138.17 4741.30522  4741.3039   4.0 1 1 
	       1157.92 4740.53041  4740.5292   4.0 1 1 
	       1179.68  4739.6748  4739.6764   4.0 1 1 
	       1224.20 4737.91684  4737.9172   4.0 1 1 
	       1274.82 4735.90549  4735.9058   4.0 1 1 
	       1321.33 4734.04646  4734.0458   4.0 1 1 
	       1370.86 4732.05414  4732.0532   4.0 1 1 
	       1443.06 4729.12785  4729.1282   4.0 1 1 
	       1467.39 4728.13612   4728.133   4.0 1 1 
	       1498.35 4726.86943  4726.8683   4.0 1 1 
	       1573.27 4723.78423   4723.784   4.0 1 1 
	       1581.61 4723.43912  4723.4382   4.0 1 1 
	       1626.11  4721.5912   4721.591   4.0 1 1 
	       1772.85 4715.42781  4715.4308   4.0 1 1 
	       1833.66 4712.84218  4712.8408   4.0 1 1 
	       1842.18 4712.47808  4712.4814   4.0 1 1 
	       1880.78 4710.82566  4710.8238   4.0 1 1 
	       1939.57 4708.29431   4708.294   4.0 1 1 
	       1986.70 4706.25223  4706.2511   4.0 1 1 
	       1998.04 4705.75929  4705.7606   4.0 1 1 
	function chebyshev
	order 4
	sample *
	naverage 1
	niterate 2000
	low_reject 3.
	high_reject 3.
	grow 0.
	coefficients	8
		1.
		4.
		126.9372711181641
		1998.040893554688
		4743.139803246136
		-36.26953100102626
		-1.114761196397006
		0.003782684376587128

