	aplow	1475.21
	aphigh	1483.76
	units	Angstroms
	features	31
	         16.15 6766.61229  6766.6117   4.0 1 1 
	        191.17   6758.203  6758.2035   6.0 1 1 
	        213.63 6757.10837  6757.1092   4.0 1 1 
	        283.93 6753.65882  6753.6598   6.0 1 1 
	        300.61  6752.8351  6752.8335   4.0 1 1 
	        329.04  6751.4269  6751.4267   4.0 1 1 
	        499.08 6742.88371  6742.8845   4.0 1 1 
	        591.00 6738.17906    6738.18   4.0 1 1 
	        676.50 6733.74885  6733.7488   4.0 1 1 
	        697.56 6732.64932  6732.6491   4.0 1 1 
	        749.33 6729.93351  6729.9328   4.0 1 1 
	        783.71 6728.11907  6728.1183   6.0 1 1 
	        796.18 6727.45889  6727.4583   6.0 1 1 
	        817.84 6726.30961  6726.3091   6.0 1 1 
	       1046.47  6713.9697    6713.97   4.0 1 1 
	       1095.91 6711.25185  6711.2521   4.0 1 1 
	       1337.47 6697.71657  6697.7123   6.0 1 0 
	       1402.42 6694.00534  6694.0068   4.0 1 1 
	       1424.69 6692.72609  6692.7262   4.0 1 1 
	       1569.94 6684.29309  6684.2929   4.0 1 1 
	       1585.74  6683.3665  6683.3673   4.0 1 1 
	       1664.75 6678.70699  6678.7067   4.0 1 1 
	       1688.76 6677.28189  6677.2817   4.0 1 1 
	       1732.16  6674.6957  6674.6969   4.0 1 1 
	       1750.78 6673.58212  6673.5797   4.0 1 1 
	       1870.57  6666.3587  6666.3588   4.0 1 1 
	       1908.49 6664.05129   6664.051   4.0 1 1 
	       1937.67 6662.26848  6662.2686   4.0 1 1 
	       1963.62 6660.67758  6660.6761   4.0 1 1 
	       1996.16 6658.67678  6658.6774   4.0 1 1 
	       2024.34 6656.93747  6656.9386   4.0 1 1 
	function chebyshev
	order 5
	sample *
	naverage 1
	niterate 2000
	low_reject 3.
	high_reject 3.
	grow 0.
	coefficients	9
		1.
		5.
		16.14948654174805
		2024.343017578125
		6713.586966826639
		-54.83629383699939
		-1.814751447895644
		-0.001119828118803822
		0.002664282221415621

