	aplow	1551.42
	aphigh	1558.89
	units	Angstroms
	features	18
	        147.72 7788.93547  7788.9342   6.0 1 1 
	        265.55  7782.3119  7782.3165   4.0 1 1 
	        332.58 7778.49272  7778.4922   6.0 1 1 
	        445.92 7771.95075  7771.9468   4.0 1 1 
	        911.50 7743.96161  7743.9552   4.0 1 1 
	        934.11 7742.55643  7742.5628   6.0 1 1 
	       1106.03 7731.73569  7731.7385   6.0 1 1 
	       1149.71 7728.94771   7728.951   6.0 1 1 
	       1269.64  7721.2108  7721.2023   6.0 1 1 
	       1380.78 7713.93407  7713.9378   4.0 1 1 
	       1436.20 7710.26768  7710.2692   6.0 1 1 
	       1573.02 7701.10737  7701.1081   4.0 1 1 
	       1680.49 7693.80314  7693.8016   4.0 1 1 
	       1710.12   7691.772  7691.7706   6.0 1 1 
	       1803.78 7685.30547  7685.3075   4.0 1 1 
	       1836.60 7683.02211  7683.0189   6.0 1 1 
	       1933.64 7676.21899  7676.2195   4.0 1 1 
	       2020.60 7670.05628  7670.0575   6.0 1 1 
	function chebyshev
	order 4
	sample *
	naverage 1
	niterate 2000
	low_reject 3.
	high_reject 3.
	grow 0.
	coefficients	8
		1.
		4.
		147.7213897705078
		2020.595703125
		7731.310883900595
		-59.43914171575932
		-1.815009284384686
		-4.528343812756321E-4

