	aplow	1179.12
	aphigh	1187.97
	units	Angstroms
	features	42
	         59.52 4845.16188  4845.1626   4.0 1 1 
	        184.79 4840.84573  4840.8492   6.0 1 1 
	        195.33 4840.47898  4840.4744   4.0 1 1 
	        412.35  4832.8031  4832.8025   4.0 1 1 
	        445.81 4831.59814  4831.5975   6.0 1 1 
	        459.02 4831.12063  4831.1213   4.0 1 1 
	        495.48  4829.7986  4829.7973   4.0 1 1 
	        580.21 4826.69984  4826.7004   6.0 1 1 
	        635.84 4824.64538  4824.6484   4.0 1 1 
	        653.29 4823.99732  4823.9967   4.0 1 1 
	        663.82 4823.60556  4823.6058   4.0 1 1 
	        684.01 4822.85301  4822.8548   4.0 1 1 
	        710.39 4821.86638  4821.8646   4.0 1 1 
	        717.79 4821.58901  4821.5878   6.0 1 1 
	        736.57 4820.88376  4820.8847   4.0 1 1 
	        747.68 4820.46552  4820.4649   4.0 1 1 
	        781.43 4819.19133   4819.193   4.0 1 1 
	        795.70 4818.65091  4818.6477   6.0 1 1 
	        838.69 4817.01639  4817.0206   6.0 1 1 
	        943.05 4813.00763  4813.0069   6.0 1 1 
	        959.33 4812.37716  4812.3755   4.0 1 1 
	       1030.28 4809.61321   4809.614   4.0 1 1 
	       1068.02 4808.13269  4808.1337   4.0 1 1 
	       1121.48 4806.02226  4806.0205   4.0 1 1 
	       1173.44 4803.95681  4803.9559   4.0 1 1 
	       1205.58 4802.67218  4802.6714   4.0 1 1 
	       1267.76 4800.17155  4800.1724   4.0 1 1 
	       1372.47 4795.91589  4795.9131   4.0 1 1 
	       1421.51 4793.90332  4793.9052   4.0 1 1 
	       1437.47 4793.24552  4793.2446   4.0 1 1 
	       1465.67 4792.08037  4792.0819   6.0 1 1 
	       1530.50 4789.38622  4789.3868   4.0 1 1 
	       1584.00 4787.14695   4787.148   4.0 1 1 
	       1598.67 4786.53017   4786.531   4.0 1 1 
	       1661.81 4783.86449  4783.8617   4.0 1 1 
	       1687.81 4782.76082  4782.7612   4.0 1 1 
	       1735.01 4780.74842  4780.7505   6.0 1 1 
	       1792.24 4778.29404   4778.294   6.0 1 1 
	       1817.83 4777.19167  4777.1915   4.0 1 1 
	       1850.15 4775.79434   4775.794   4.0 1 1 
	       1861.21 4775.31493   4775.313   4.0 1 1 
	       1908.93 4773.23988   4773.241   6.0 1 1 
	function chebyshev
	order 5
	sample *
	naverage 1
	niterate 2000
	low_reject 3.
	high_reject 3.
	grow 0.
	coefficients	9
		1.
		5.
		59.52069091796874
		1908.930786132813
		4810.302670427672
		-35.96328455691947
		-1.104760724563048
		0.002286169701714282
		0.002967079431071352

