	aplow	1305.81
	aphigh	1315.64
	units	Angstroms
	features	44
	         11.44 5434.14996  5434.1514   6.0 1 1 
	         90.87 5431.11323   5431.112   6.0 1 1 
	        212.16 5426.40658  5426.4075   6.0 1 1 
	        230.70 5425.68001  5425.6783   4.0 1 1 
	        273.11 5424.00991  5424.0079   4.0 1 1 
	        328.11 5421.82902  5421.8359   6.0 1 1 
	        339.98 5421.35612  5421.3517   6.0 1 1 
	        436.34 5417.48636  5417.4858   4.0 1 1 
	        600.56 5410.76735  5410.7687   4.0 1 1 
	        675.39 5407.65387  5407.6535   6.0 1 1 
	        682.69 5407.34834  5407.3439   6.0 1 1 
	        696.85 5406.75501  5406.7553   4.0 1 1 
	        781.11 5403.19957  5403.1993   6.0 1 1 
	        795.12 5402.60405  5402.6048   4.0 1 1 
	        852.74 5400.14428  5400.1455   6.0 1 1 
	        864.97 5399.61947  5399.6218   6.0 1 1 
	        875.37 5399.17268  5399.1745   6.0 1 1 
	        913.81 5397.51552   5397.516   4.0 1 1 
	        977.32   5394.759  5394.7608   4.0 1 1 
	       1027.35 5392.57071  5392.5726   4.0 1 1 
	       1129.64 5388.05168  5388.0507   4.0 1 1 
	       1161.97 5386.61046  5386.6107   4.0 1 1 
	       1219.30 5384.04003  5384.0356   6.0 1 1 
	       1243.84 5382.93395  5382.9276   6.0 1 1 
	       1278.41 5381.36985  5381.3709   4.0 1 1 
	       1328.07 5379.11094  5379.1105   4.0 1 1 
	       1379.10 5376.77481  5376.7809   6.0 1 1 
	       1393.11  5376.1308  5376.1304   4.0 1 1 
	       1400.96 5375.76929  5375.7688   6.0 1 1 
	       1409.98  5375.3537  5375.3526   4.0 1 1 
	       1421.49 5374.82263  5374.8219   4.0 1 1 
	       1450.21 5373.49417  5373.4943   6.0 1 1 
	       1467.25 5372.70379  5372.7027   4.0 1 1 
	       1510.10 5370.70916  5370.7096   4.0 1 1 
	       1682.55 5362.57426  5362.5751   6.0 1 1 
	       1712.30 5361.15388  5361.1556   6.0 1 1 
	       1733.29 5360.14855  5360.1501   6.0 1 1 
	       1739.95 5359.82895  5359.8269   6.0 1 1 
	       1826.93 5355.63388  5355.6365   6.0 1 1 
	       1848.20 5354.60164  5354.6016   4.0 1 1 
	       1904.86 5351.83944  5351.8365   4.0 1 1 
	       1919.42  5351.1269  5351.1265   6.0 1 1 
	       1962.68  5349.0026  5349.0054   4.0 1 1 
	       1983.56 5347.97357  5347.9714   6.0 1 1 
	function chebyshev
	order 5
	sample *
	naverage 1
	niterate 2000
	low_reject 3.
	high_reject 3.
	grow 0.
	coefficients	9
		1.
		5.
		11.43835830688477
		1983.557250976563
		5392.467103926515
		-43.0909407696541
		-1.408203112051011
		0.002748123028538185
		0.002866289204225235

