	aplow	1362.33
	aphigh	1371.85
	units	Angstroms
	features	29
	        188.84 5777.39369  5777.4006   6.0 1 1 
	        271.33 5773.94926  5773.9463   6.0 1 1 
	        323.17 5771.76309  5771.7601   6.0 1 1 
	        407.20 5768.18332  5768.1812   6.0 1 1 
	        416.61 5767.77969  5767.7785   4.0 1 1 
	        514.95 5763.52845   5763.529   4.0 1 1 
	        531.71 5762.79798  5762.7941   4.0 1 1 
	        582.99 5760.55212  5760.5508   4.0 1 1 
	        752.21 5753.02402  5753.0265   4.0 1 1 
	        823.83 5749.78387  5749.7862   6.0 1 1 
	        832.52 5749.38891  5749.3883   6.0 1 1 
	        846.78 5748.73898  5748.7412   4.0 1 1 
	        996.86 5741.82575   5741.829   4.0 1 1 
	       1010.95 5741.16957  5741.1705   6.0 1 1 
	       1046.32 5739.51695  5739.5196   4.0 1 1 
	       1120.44  5736.0284  5736.0297   4.0 1 1 
	       1294.30 5727.71271  5727.7103   4.0 1 1 
	       1342.20 5725.38903  5725.3885   4.0 1 1 
	       1448.35 5720.18925  5720.1828   4.0 1 1 
	       1459.80 5719.62445  5719.6227   4.0 1 1 
	       1509.29 5717.17314  5717.1711   6.0 1 1 
	       1538.39 5715.72499  5715.7244   4.0 1 1 
	       1678.58 5708.67457  5708.6794   6.0 1 1 
	       1709.46 5707.10532  5707.1033   4.0 1 1 
	       1738.26 5705.63682  5705.6371   6.0 1 1 
	       1796.50 5702.65147  5702.6511   4.0 1 1 
	       1830.23 5700.91316  5700.9176   4.0 1 1 
	       1917.40  5696.3883  5696.3904   4.0 1 1 
	       2007.47 5691.66426  5691.6612   4.0 1 1 
	function chebyshev
	order 4
	sample *
	naverage 1
	niterate 2000
	low_reject 3.
	high_reject 3.
	grow 0.
	coefficients	8
		1.
		4.
		188.8362731933594
		2007.473999023438
		5735.804846773236
		-42.86841574817511
		-1.275872120151957
		0.003698234838631098

