	aplow	1486.94
	aphigh	1494.9
	units	Angstroms
	features	27
	        107.92 6892.25332  6892.2502   4.0 1 1 
	        167.90 6889.30233  6889.3032   6.0 1 1 
	        190.70 6888.17387  6888.1742   4.0 1 1 
	        212.56 6887.08792  6887.0881   4.0 1 1 
	        298.13 6882.80529  6882.8114   6.0 1 1 
	        361.80 6879.58359  6879.5824   4.0 1 1 
	        456.20 6874.75313   6874.753   4.0 1 1 
	        523.12 6871.28935  6871.2891   4.0 1 1 
	        577.43 6868.45395  6868.4508   4.0 1 1 
	        609.61 6866.76363  6866.7634   6.0 1 1 
	        670.67 6863.53594   6863.535   6.0 1 1 
	        713.26 6861.26844  6861.2688   4.0 1 1 
	        816.97 6855.69032  6855.6891   4.0 1 1 
	        846.11 6854.10886  6854.1093   4.0 1 1 
	       1190.84 6834.92397  6834.9246   4.0 1 1 
	       1226.49  6832.8899  6832.8927   6.0 1 1 
	       1293.62 6829.03448  6829.0355   4.0 1 1 
	       1324.49 6827.25028  6827.2488   4.0 1 1 
	       1368.82 6824.67626  6824.6774   4.0 1 1 
	       1570.62  6812.7758  6812.7752   4.0 1 1 
	       1607.75 6810.55367  6810.5494   6.0 1 1 
	       1628.39 6809.31397  6809.3173   4.0 1 1 
	       1641.39 6808.53182  6808.5311   6.0 1 1 
	       1806.49 6798.48819  6798.4868   4.0 1 1 
	       1923.77 6791.23385  6791.2351   4.0 1 1 
	       1962.14 6788.83887  6788.8403   4.0 1 1 
	       1979.73 6787.73761  6787.7364   6.0 1 1 
	function chebyshev
	order 5
	sample *
	naverage 1
	niterate 2000
	low_reject 3.
	high_reject 3.
	grow 0.
	coefficients	9
		1.
		5.
		107.9214248657227
		1979.726806640625
		6841.602609651902
		-52.25821660536514
		-1.608627179191926
		3.632543637497687E-4
		0.001481529692492346

