	aplow	1600.04
	aphigh	1608.44
	units	Angstroms
	features	9
	         90.25 8771.86477  8771.8602   4.0 1 1 
	        383.10 8732.40033   8732.424   4.0 1 1 
	        586.30 8712.88004  8712.8528   4.0 1 1 
	       1197.57 8667.91923  8667.9442   4.0 1 1 
	       1231.61 8665.48706  8665.4855   4.0 1 1 
	       1453.37 8649.17965   8649.149   4.0 1 1 
	       1504.66 8645.29608  8645.3087   4.0 1 1 
	       1817.82   8621.308  8621.3225   4.0 1 1 
	       1828.94 8620.47193  8620.4602   4.0 1 1 
	function chebyshev
	order 5
	sample *
	naverage 1
	niterate 0
	low_reject 3.
	high_reject 3.
	grow 0.
	coefficients	9
		1.
		5.
		90.24703216552734
		1828.944213867188
		8689.360304394749
		-72.03143610595863
		5.761701340863992
		-3.664983857366576
		1.046347032219142

