	aplow	1030.5
	aphigh	1038.19
	units	Angstroms
	features	42
	        100.32 4371.32794   4371.329   4.0 1 1 
	        118.86 4370.75276  4370.7532   4.0 1 1 
	        147.08 4369.87469  4369.8756   4.0 1 1 
	        212.26 4367.83231  4367.8316   4.0 1 1 
	        272.37 4365.93137  4365.9301   4.0 1 1 
	        339.32 4363.79496  4363.7945   4.0 1 1 
	        392.93 4362.06892  4362.0662   4.0 1 1 
	        475.83  4359.3741  4359.3719   4.0 1 1 
	        529.52 4357.61182  4357.6132   4.0 1 1 
	        623.88 4354.48196  4354.4824   4.0 1 1 
	        654.84 4353.44607  4353.4487   4.0 1 1 
	        691.74  4352.2054  4352.2049   4.0 1 1 
	        748.86 4350.27257  4350.2717   4.0 1 1 
	        784.11 4349.07181  4349.0722   4.0 1 1 
	        798.08 4348.59456  4348.5982   4.0 1 1 
	        813.57 4348.06426   4348.064   4.0 1 1 
	        860.98 4346.43394  4346.4367   4.0 1 1 
	        897.57 4345.16814   4345.168   4.0 1 1 
	        932.56 4343.95215  4343.9515   4.0 1 1 
	        975.73 4342.44385  4342.4442   4.0 1 1 
	       1019.75 4340.89724  4340.8954   4.0 1 1 
	       1121.75 4337.27756  4337.2774   4.0 1 1 
	       1175.84 4335.33849  4335.3379   4.0 1 1 
	       1225.07 4333.56186  4333.5612   4.0 1 1 
	       1267.25 4332.03052  4332.0297   4.0 1 1 
	       1290.00 4331.20113  4331.1995   4.0 1 1 
	       1299.69 4330.84724  4330.8438   4.0 1 1 
	       1311.60 4330.41146   4330.412   4.0 1 1 
	       1352.34 4328.91594  4328.9154   4.0 1 1 
	       1384.87 4327.71647  4327.7145   4.0 1 1 
	       1434.94 4325.86077  4325.8599   4.0 1 1 
	       1450.71 4325.27388  4325.2741   4.0 1 1 
	       1587.69 4320.12743  4320.1264   4.0 1 1 
	       1632.82 4318.41282  4318.4157   4.0 1 1 
	       1715.32 4315.25497  4315.2543   4.0 1 1 
	       1739.63  4314.3185  4314.3195   4.0 1 1 
	       1773.92 4312.99311  4312.9975   4.0 1 1 
	       1804.67 4311.80008  4311.7994   4.0 1 1 
	       1870.35 4309.23715  4309.2392   4.0 1 1 
	       1898.73 4308.12383   4308.122   4.0 1 1 
	       1922.75 4307.17887  4307.1762   4.0 1 1 
	function chebyshev
	order 5
	sample *
	naverage 1
	niterate 2000
	low_reject 3.
	high_reject 3.
	grow 0.
	coefficients	9
		1.
		5.
		100.3197631835937
		1922.75244140625
		4340.218137622842
		-32.07610531056976
		-0.9665027516009701
		0.001568769463573786
		0.001769373093306072

