	aplow	1245.04
	aphigh	1254.39
	units	Angstroms
	features	39
	         44.33 5122.49923  5122.4995   4.0 1 1 
	        248.49 5115.04518  5115.0448   4.0 1 1 
	        349.35  5111.2775  5111.2781   4.0 1 1 
	        390.23 5109.73442  5109.7331   4.0 1 1 
	        613.85 5101.12945  5101.1299   4.0 1 1 
	        692.37 5098.04247  5098.0432   4.0 1 1 
	        731.70 5096.48345  5096.4848   4.0 1 1 
	        767.33 5095.06367  5095.0639   4.0 1 1 
	        891.65 5090.05504  5090.0513   4.0 1 1 
	        912.21 5089.21879  5089.2192   6.0 1 1 
	        986.44 5086.17967  5086.1774   6.0 1 1 
	       1015.29  5084.9903  5084.9935   6.0 1 1 
	       1100.62 5081.44574  5081.4462   6.0 1 1 
	       1242.46 5075.46606  5075.4659   4.0 1 1 
	       1261.72 5074.64575  5074.6465   6.0 1 1 
	       1385.29 5069.33375  5069.3384   6.0 1 1 
	       1416.62 5067.97393  5067.9737   4.0 1 1 
	       1435.82 5067.13772  5067.1379   6.0 1 1 
	       1444.03 5066.77966  5066.7773   4.0 1 1 
	       1458.76 5066.13623  5066.1355   4.0 1 1 
	       1493.74 5064.60369   5064.602   6.0 1 1 
	       1518.46 5063.51693  5063.5157   4.0 1 1 
	       1531.75 5062.93097  5062.9325   4.0 1 1 
	       1551.96 5062.03813  5062.0371   4.0 1 1 
	       1560.53 5061.65909  5061.6562   4.0 1 1 
	       1601.01 5059.86252  5059.8611   6.0 1 1 
	       1643.11 5057.98515  5057.9866   6.0 1 1 
	       1701.98 5055.34332  5055.3473   4.0 1 1 
	       1778.35 5051.88875  5051.8887   6.0 1 1 
	       1802.62 5050.78403  5050.7842   6.0 1 1 
	       1824.25 5049.79731   5049.796   4.0 1 1 
	       1884.33 5047.04283  5047.0434   4.0 1 1 
	       1893.10 5046.63902  5046.6372   6.0 1 1 
	       1923.28 5045.24672  5045.2481   4.0 1 1 
	       1934.65 5044.72073  5044.7195   4.0 1 1 
	       1960.75 5043.51132  5043.5145   6.0 1 1 
	       2001.88  5041.5974  5041.5998   6.0 1 1 
	       2012.07 5041.12223  5041.1224   4.0 1 1 
	       2021.43 5040.68475  5040.6805   6.0 1 1 
	function chebyshev
	order 5
	sample *
	naverage 1
	niterate 2000
	low_reject 3.
	high_reject 3.
	grow 0.
	coefficients	9
		1.
		5.
		44.32542419433593
		2021.432495117188
		5082.927099308515
		-40.91220496609276
		-1.335428025026436
		0.004966853080734045
		3.166514932051422E-4

