	aplow	989.17
	aphigh	996.98
	units	Angstroms
	features	49
	        125.26 4266.52569  4266.5271   4.0 1 1 
	        228.87 4263.35695  4263.3561   4.0 1 1 
	        326.29 4260.33409   4260.333   4.0 1 1 
	        357.32 4259.36223  4259.3619   4.0 1 1 
	        384.04  4258.5219  4258.5204   4.0 1 1 
	        404.13  4257.8879  4257.8982   4.0 1 0 
	        416.51 4257.49642  4257.4963   4.0 1 1 
	        455.69 4256.25252  4256.2537   4.0 1 1 
	        487.50 4255.23762  4255.2373   4.0 1 1 
	        540.47 4253.53742  4253.5385   4.0 1 1 
	        613.13 4251.18493  4251.1846   4.0 1 1 
	        625.71 4250.77504  4250.7749   4.0 1 1 
	        639.80 4250.31513  4250.3146   4.0 1 1 
	        659.38 4249.67484  4249.6791   4.0 1 1 
	        698.34 4248.39524  4248.3908   4.0 1 1 
	        722.55 4247.59669  4247.5988   4.0 1 1 
	        832.57 4243.93377  4243.9241   4.0 1 0 
	        852.58 4243.26171  4243.2611   4.0 1 1 
	        916.71 4241.09559  4241.0948   4.0 1 1 
	        931.42 4240.59601  4240.5947   4.0 1 1 
	       1030.14 4237.21799  4237.2198   4.0 1 1 
	       1064.16 4236.04379  4236.0471   4.0 1 1 
	       1080.97 4235.46166  4235.4636   4.0 1 1 
	       1143.38 4233.28884  4233.2873   4.0 1 1 
	       1213.60 4230.82269  4230.8242   4.0 1 1 
	       1224.84 4230.42587  4230.4267   4.0 1 1 
	       1240.61 4229.86826  4229.8644   4.0 1 1 
	       1260.94 4229.14765  4229.1477   4.0 1 1 
	       1260.94 4229.14765  4229.1477   4.0 1 1 
	       1288.76 4228.15841   4228.158   4.0 1 1 
	       1310.41 4227.38642  4227.3872   4.0 1 1 
	       1321.55 4226.98802  4226.9876   4.0 1 1 
	       1340.74 4226.30083  4226.2994   4.0 1 1 
	       1387.61 4224.61532  4224.6151   4.0 1 1 
	       1398.05 4224.23842  4224.2413   4.0 1 1 
	       1420.02  4223.4438  4223.4403   4.0 1 1 
	       1442.24 4222.63794  4222.6373   4.0 1 1 
	       1483.00 4221.15412   4221.153   4.0 1 1 
	       1494.55 4220.73202  4220.7323   4.0 1 1 
	       1512.65 4220.06976  4220.0651   4.0 1 1 
	       1550.95 4218.66346  4218.6649   4.0 1 1 
	       1584.35 4217.43125  4217.4308   4.0 1 1 
	       1654.46 4214.82916  4214.8285   4.0 1 1 
	       1701.61 4213.06635  4213.0673   4.0 1 1 
	       1758.60 4210.92264  4210.9232   4.0 1 1 
	       2025.86 4200.67531  4200.6745   4.0 1 1 
	function chebyshev
	order 5
	sample *
	naverage 1
	niterate 2000
	low_reject 3.
	high_reject 3.
	grow 0.
	coefficients	9
		1.
		5.
		125.25732421875
		2025.861938476563
		4234.623702464207
		-32.92554989963685
		-1.024288243571276
		3.630721952776527E-4
		0.001086764476970632

