	aplow	1260.43
	aphigh	1270.15
	units	Angstroms
	features	28
	         69.41 5195.81405  5195.8136   4.0 1 1 
	        106.31 5194.45711  5194.4576   4.0 1 1 
	        202.89 5190.87049   5190.872   4.0 1 1 
	        285.90 5187.74775  5187.7462   4.0 1 1 
	        321.08 5186.41296  5186.4132   4.0 1 1 
	        384.46 5183.99152  5183.9896   4.0 1 1 
	        422.51 5182.52673  5182.5269   4.0 1 1 
	        469.19 5180.71909  5180.7209   4.0 1 1 
	        565.23 5176.96223   5176.961   4.0 1 1 
	        606.70 5175.32436  5175.3248   4.0 1 1 
	        648.27 5173.67276  5173.6715   4.0 1 1 
	        766.53 5168.92106  5168.9225   4.0 1 1 
	        843.88 5165.77097  5165.7728   4.0 1 1 
	        900.17 5163.45731  5163.4584   4.0 1 1 
	        928.49 5162.28637  5162.2846   4.0 1 1 
	        946.50 5161.53963  5161.5396   4.0 1 1 
	       1016.88 5158.60377  5158.6041   4.0 1 1 
	       1120.20 5154.24323   5154.243   4.0 1 1 
	       1181.86 5151.61252   5151.612   4.0 1 1 
	       1310.51 5146.05584  5146.0557   4.0 1 1 
	       1327.63  5145.3094  5145.3083   4.0 1 1 
	       1359.50 5143.91552  5143.9165   4.0 1 1 
	       1408.00 5141.78381  5141.7827   4.0 1 1 
	       1505.19 5137.47363  5137.4733   4.0 1 1 
	       1566.12 5134.74503   5134.746   4.0 1 1 
	       1704.16 5128.48936  5128.4897   4.0 1 1 
	       1926.57 5118.19885  5118.2023   4.0 1 1 
	       1945.83 5117.29573  5117.2923   4.0 1 1 
	function chebyshev
	order 5
	sample *
	naverage 1
	niterate 2000
	low_reject 3.
	high_reject 3.
	grow 0.
	coefficients	9
		1.
		5.
		69.41029357910155
		1945.826049804688
		5157.769603945988
		-39.26317228872159
		-1.218336719719773
		0.004014396901775849
		0.00362533319736753

