	aplow	1334.69
	aphigh	1344.13
	units	Angstroms
	features	33
	         70.71 5601.60237  5601.6032   4.0 1 1 
	        174.24 5597.47595  5597.4756   4.0 1 1 
	        234.03 5595.06468  5595.0635   4.0 1 1 
	        269.77 5593.61294  5593.6129   4.0 1 1 
	        429.66 5587.02712  5587.0263   4.0 1 1 
	        507.60 5583.76198  5583.7621   4.0 1 1 
	        578.62 5580.75459  5580.7547   4.0 1 1 
	        594.57  5580.0752  5580.0771   4.0 1 1 
	        611.38  5579.3576  5579.3583   4.0 1 1 
	        650.41 5577.68421  5577.6845   4.0 1 1 
	        684.74 5576.20502  5576.2045   4.0 1 1 
	        750.48 5573.35288  5573.3535   4.0 1 1 
	        957.43 5564.20373  5564.2011   4.0 1 1 
	       1053.02 5559.89016  5559.8912   4.0 1 1 
	       1079.11 5558.70333   5558.702   4.0 1 1 
	       1115.39  5557.0463  5557.0454   4.0 1 1 
	       1134.97 5556.14859  5556.1487   4.0 1 1 
	       1211.41  5552.6221  5552.6229   4.0 1 1 
	       1238.39 5551.36907  5551.3719   4.0 1 1 
	       1306.71 5548.17668  5548.1758   4.0 1 1 
	       1373.01 5545.05157  5545.0495   4.0 1 1 
	       1418.52 5542.89125    5542.89   4.0 1 1 
	       1438.61 5541.93384  5541.9357   4.0 1 1 
	       1455.13 5541.14461  5541.1466   4.0 1 1 
	       1480.88 5539.91116  5539.9106   4.0 1 1 
	       1494.40 5539.26236  5539.2618   4.0 1 1 
	       1529.81  5537.5567  5537.5563   4.0 1 1 
	       1562.61 5535.97065   5535.971   4.0 1 1 
	       1670.74 5530.69666  5530.6977   4.0 1 1 
	       1720.87 5528.22818  5528.2272   4.0 1 1 
	       1739.73 5527.29584  5527.2953   4.0 1 1 
	       1786.86  5524.9566   5524.957   4.0 1 1 
	       1987.15 5514.87309  5514.8731   4.0 1 1 
	function chebyshev
	order 5
	sample *
	naverage 1
	niterate 2000
	low_reject 3.
	high_reject 3.
	grow 0.
	coefficients	9
		1.
		5.
		70.70985412597655
		1987.150024414063
		5559.607240062774
		-43.3669546950612
		-1.372388730366103
		0.002314777905550535
		0.002876399034355848

