	aplow	900.02
	aphigh	908.84
	units	Angstroms
	features	41
	         26.37 4075.50328   4075.503   4.0 1 1 
	        134.59 4072.38438  4072.3849   6.0 1 1 
	        208.15 4070.23704  4070.2383   4.0 1 1 
	        234.50 4069.46253  4069.4612   4.0 1 1 
	        243.42 4069.19983  4069.2014   6.0 1 1 
	        302.45 4067.45193  4067.4507   4.0 1 1 
	        406.60 4064.33294  4064.3315   4.0 1 1 
	        437.16 4063.40893  4063.4071   4.0 1 1 
	        573.16 4059.24886  4059.2529   6.0 1 1 
	        724.45  4054.5271  4054.5258   4.0 1 1 
	        756.03 4053.52895  4053.5277   4.0 1 1 
	        775.13 4052.92299  4052.9208   4.0 1 1 
	        838.91 4050.88841  4050.8872   6.0 1 1 
	        868.30 4049.94482  4049.9447   4.0 1 1 
	        881.21  4049.5292  4049.5361   4.0 1 1 
	        944.51 4047.48078  4047.4815   6.0 1 1 
	       1022.86 4044.92092  4044.9269   4.0 1 1 
	       1038.10  4044.4199  4044.4179   4.0 1 1 
	       1069.14 4043.39619  4043.3948   4.0 1 1 
	       1084.27 4042.89586  4042.8937   4.0 1 1 
	       1135.18 4041.20452  4041.2036   6.0 1 1 
	       1175.23 4039.86616  4039.8648   4.0 1 1 
	       1206.79 4038.80657  4038.8043   6.0 1 1 
	       1223.90 4038.23026  4038.2287   6.0 1 1 
	       1243.69 4037.56209  4037.5614   6.0 1 1 
	       1273.13 4036.56523  4036.5652   4.0 1 1 
	       1288.38 4036.04722  4036.0479   4.0 1 1 
	       1305.65 4035.45964    4035.46   4.0 1 1 
	       1341.15 4034.24758  4034.2461   4.0 1 1 
	       1440.09 4030.84133  4030.8424   4.0 1 1 
	       1455.89 4030.29351  4030.2925   4.0 1 1 
	       1550.14 4027.00416  4027.0091   4.0 1 1 
	       1612.69 4024.80106  4024.8025   4.0 1 1 
	       1737.61 4020.35368  4020.3541   6.0 1 1 
	       1771.79 4019.12586  4019.1289   4.0 1 1 
	       1800.10 4018.10531   4018.099   6.0 1 1 
	       1893.57  4014.7143  4014.7164   6.0 1 1 
	       1916.98 4013.85975  4013.8566   4.0 1 1 
	       1954.10 4012.50075  4012.4952   4.0 1 1 
	       1975.00 4011.73295  4011.7398   6.0 1 1 
	function chebyshev
	order 5
	sample *
	naverage 1
	niterate 2000
	low_reject 3.
	high_reject 3.
	grow 0.
	coefficients	9
		1.
		5.
		26.37351608276367
		1975.001831054687
		4044.627726472891
		-31.89012193548598
		-1.014977841357393
		0.004955222771116699
		0.00536644252330731

