	aplow	1144.09
	aphigh	1152.95
	units	Angstroms
	features	37
	        203.88  4712.8437  4712.8408   4.0 1 1 
	        214.58  4712.4802  4712.4814   4.0 1 1 
	        228.63 4712.00205  4712.0056   4.0 1 1 
	        336.58   4708.296   4708.294   4.0 1 1 
	        395.36 4706.25359  4706.2511   4.0 1 1 
	        409.52 4705.75883  4705.7606   4.0 1 1 
	        459.89 4703.99133  4703.9898   4.0 1 1 
	        477.91 4703.35591  4703.3581   4.0 1 1 
	        507.27 4702.31736  4702.3161   4.0 1 1 
	        550.77 4700.77041  4700.7711   4.0 1 1 
	        698.26  4695.4541  4695.4542   4.0 1 1 
	        709.75 4695.03539  4695.0381   4.0 1 1 
	        735.57 4694.09193  4694.0914   4.0 1 1 
	        829.68 4690.62441  4690.6219   4.0 1 1 
	        938.20 4686.57004  4686.5715   4.0 1 1 
	        948.16 4686.19468  4686.1946   4.0 1 1 
	       1023.20 4683.35256  4683.3517   4.0 1 1 
	       1094.03 4680.64315   4680.646   4.0 1 1 
	       1156.45 4678.23474  4678.2352   4.0 1 1 
	       1188.92 4676.97411  4676.9721   4.0 1 1 
	       1229.88   4675.376   4675.376   4.0 1 1 
	       1273.56 4673.66251  4673.6609   4.0 1 1 
	       1304.69 4672.43559  4672.4372   4.0 1 1 
	       1366.48 4669.98577  4669.9842   4.0 1 1 
	       1446.14  4666.7991  4666.7985   4.0 1 1 
	       1465.84 4666.00648   4666.005   4.0 1 1 
	       1491.51  4664.9702  4664.9704   4.0 1 1 
	       1535.12 4663.20261  4663.2026   4.0 1 1 
	       1550.08 4662.59408  4662.5936   4.0 1 1 
	       1604.03 4660.39036  4660.3941   4.0 1 1 
	       1664.55  4657.9009  4657.9012   4.0 1 1 
	       1697.17  4656.5522  4656.5518   4.0 1 1 
	       1729.49 4655.21032  4655.2126   4.0 1 1 
	       1806.60 4651.98882  4651.9895   4.0 1 1 
	       1816.86 4651.55799  4651.5552   4.0 1 1 
	       1848.27 4650.23626  4650.2343   4.0 1 1 
	       1932.10 4646.68482  4646.6861   4.0 1 1 
	function chebyshev
	order 5
	sample *
	naverage 1
	niterate 2000
	low_reject 3.
	high_reject 3.
	grow 0.
	coefficients	9
		1.
		5.
		203.8835144042969
		1932.10498046875
		4680.70096780761
		-33.08263581375662
		-0.9388824486311145
		0.003192317098621313
		0.002173605434005495

