	aplow	1010.09
	aphigh	1017.96
	units	Angstroms
	features	41
	         52.84 4320.12582  4320.1264   4.0 1 1 
	        109.03 4318.41233  4318.4157   4.0 1 1 
	        241.27 4314.32284  4314.3195   4.0 1 1 
	        283.58 4312.99714  4312.9975   4.0 1 1 
	        321.46 4311.80341  4311.7994   4.0 1 1 
	        402.26 4309.23489  4309.2392   4.0 1 1 
	        422.04 4308.60152  4308.6001   4.0 1 1 
	        466.25 4307.17944  4307.1762   4.0 1 1 
	        491.45 4306.36481  4306.3668   4.0 1 1 
	        564.41 4303.98944  4303.9892   4.0 1 1 
	        665.76 4300.64961  4300.6495   4.0 1 1 
	        682.29 4300.10046  4300.1008   4.0 1 1 
	        765.68 4297.31023  4297.3066   4.0 1 1 
	        927.43 4291.80755  4291.8098   4.0 1 1 
	        989.78 4289.65431  4289.6551   4.0 1 1 
	       1018.22 4288.66619  4288.6688   4.0 1 1 
	       1063.63 4287.08063  4287.0808   4.0 1 1 
	       1087.98 4286.22646  4286.2285   4.0 1 1 
	       1164.74 4283.51643  4283.5184   4.0 1 1 
	       1182.16 4282.89749  4282.8976   4.0 1 1 
	       1206.10   4282.045  4282.0413   4.0 1 1 
	       1223.81 4281.41249  4281.4145   4.0 1 1 
	       1233.48 4281.06656  4281.0678   4.0 1 1 
	       1247.45 4280.56586   4280.568   4.0 1 1 
	       1309.76 4278.32254  4278.3232   4.0 1 1 
	       1331.71 4277.52809  4277.5282   4.0 1 1 
	       1351.50 4276.80976  4276.8073   4.0 1 1 
	       1396.75 4275.16082  4275.1596   4.0 1 1 
	       1427.74 4274.02583  4274.0246   4.0 1 1 
	       1445.93 4273.35769  4273.3574   4.0 1 1 
	       1459.05 4272.87489  4272.8745   4.0 1 1 
	       1478.18 4272.16971  4272.1689   4.0 1 1 
	       1538.24 4269.94413  4269.9426   4.0 1 1 
	       1629.57 4266.52785  4266.5271   4.0 1 1 
	       1792.62 4260.33446   4260.333   4.0 1 1 
	       1817.94 4259.36167  4259.3619   4.0 1 1 
	       1839.78 4258.52065  4258.5204   4.0 1 1 
	       1866.30 4257.49581  4257.4963   4.0 1 1 
	       1898.38 4256.25235  4256.2537   4.0 1 1 
	       1924.48 4255.23716  4255.2373   4.0 1 1 
	       1967.99 4253.53765  4253.5385   4.0 1 1 
	function chebyshev
	order 4
	sample *
	naverage 1
	niterate 2000
	low_reject 3.
	high_reject 3.
	grow 0.
	coefficients	8
		1.
		4.
		52.83910369873046
		1967.987426757813
		4287.884685988265
		-33.29520530102987
		-1.052952359960629
		0.001119017502640675

