	aplow	1126.11
	aphigh	1134.88
	units	Angstroms
	features	38
	         14.80 4657.89536  4657.9012   6.0 1 1 
	         96.97 4655.20504  4655.2126   4.0 1 1 
	        193.79 4651.99218  4651.9895   4.0 1 1 
	        206.62  4651.5626  4651.5552   6.0 1 1 
	        246.01 4650.23956  4650.2343   4.0 1 1 
	        334.05 4647.25377  4647.2509   4.0 1 1 
	        408.03   4644.715  4644.7072   6.0 1 1 
	        441.55 4643.55569  4643.5566   4.0 1 1 
	        542.15  4640.0426  4640.0462   6.0 1 1 
	        580.62 4638.68576  4638.6849   4.0 1 1 
	        596.47 4638.12441  4638.1259   4.0 1 1 
	        621.56 4637.23348  4637.2328   4.0 1 1 
	        895.68 4627.29574   4627.298   4.0 1 1 
	        944.47  4625.4878  4625.4938   6.0 1 1 
	        976.04 4624.31159   4624.314   6.0 1 1 
	       1034.60 4622.11654  4622.1209   6.0 1 1 
	       1060.10  4621.1555  4621.1629   6.0 1 1 
	       1212.79 4615.33316   4615.334   4.0 1 1 
	       1220.72 4615.02752   4615.024   6.0 1 1 
	       1257.56 4613.60423  4613.6044   4.0 1 1 
	       1284.82 4612.54633  4612.5435   4.0 1 1 
	       1302.50 4611.85845  4611.8597   6.0 1 1 
	       1333.99 4610.62935  4610.6272   6.0 1 1 
	       1360.98 4609.57183  4609.5673   6.0 1 1 
	       1385.17 4608.62115  4608.6201   4.0 1 1 
	       1402.58 4607.93486  4607.9347   6.0 1 1 
	       1523.04 4603.14669  4603.1446   6.0 1 1 
	       1608.45 4599.70873  4599.7046   4.0 1 1 
	       1631.76 4598.76389  4598.7627   4.0 1 1 
	       1697.16 4596.09922  4596.0967   6.0 1 1 
	       1713.74 4595.42033  4595.4206   4.0 1 1 
	       1757.13 4593.63721  4593.6437   4.0 1 1 
	       1780.68 4592.66583   4592.666   4.0 1 1 
	       1847.42 4589.89742  4589.8978   6.0 1 1 
	       1862.55 4589.26657  4589.2668   6.0 1 1 
	       1882.74 4588.42352  4588.4261   6.0 1 1 
	function chebyshev
	order 4
	sample *
	naverage 1
	niterate 2000
	low_reject 3.
	high_reject 3.
	grow 0.
	coefficients	8
		1.
		4.
		14.79560470581055
		1882.736328125
		4624.243722463385
		-34.73790517765546
		-1.084284158519046
		0.00198789408018148

