	aplow	1376.01
	aphigh	1385.25
	units	Angstroms
	features	31
	        120.16 5874.98151  5874.9865   4.0 1 1 
	        135.27  5874.3498  5874.3513   4.0 1 1 
	        225.36 5870.55267  5870.5526   4.0 1 1 
	        276.38 5868.37929  5868.3745   4.0 1 1 
	        384.44 5863.72208  5863.7184   4.0 1 1 
	        462.41 5860.31594  5860.3103   4.0 1 1 
	        571.27 5855.49629  5855.4986   4.0 1 1 
	        602.01 5854.12158  5854.1207   4.0 1 1 
	        616.43 5853.47499  5853.4745   4.0 1 1 
	        634.14 5852.67869  5852.6806   4.0 1 1 
	        782.81 5845.91676  5845.9188   4.0 1 1 
	        807.21 5844.79391  5844.7909   4.0 1 1 
	        828.63 5843.80507  5843.8069   4.0 1 1 
	        896.82 5840.63716  5840.6404   4.0 1 1 
	       1032.23 5834.26096  5834.2633   4.0 1 1 
	       1071.94 5832.36893  5832.3705   4.0 1 1 
	       1104.18 5830.82588  5830.8272   4.0 1 1 
	       1139.91  5829.1079  5829.1097   4.0 1 1 
	       1269.84 5822.79347  5822.7933   4.0 1 1 
	       1357.93 5818.45225  5818.4495   4.0 1 1 
	       1372.40 5817.73453  5817.7348   4.0 1 1 
	       1418.80 5815.42384  5815.4219   4.0 1 1 
	       1467.77 5812.97099  5812.9725   4.0 1 1 
	       1553.14 5808.65886  5808.6569   4.0 1 1 
	       1572.38 5807.68051  5807.6814   4.0 1 1 
	       1641.60 5804.14253  5804.1412   4.0 1 1 
	       1681.60 5802.08443  5802.0798   4.0 1 1 
	       1705.87  5800.8308  5800.8297   4.0 1 1 
	       1773.48 5797.31864  5797.3194   4.0 1 1 
	       1866.71 5792.42945  5792.4304   4.0 1 1 
	       1919.40  5789.6419  5789.6451   4.0 1 1 
	function chebyshev
	order 4
	sample *
	naverage 1
	niterate 2000
	low_reject 3.
	high_reject 3.
	grow 0.
	coefficients	8
		1.
		4.
		120.1634063720703
		1919.402221679687
		5833.581709883987
		-42.67139547499301
		-1.270006983299769
		0.001593185394956198

