	aplow	1089.06
	aphigh	1097.54
	units	Angstroms
	features	44
	         88.92   4537.643  4537.6426   4.0 1 1 
	        140.58 4535.97777  4535.9798   4.0 1 1 
	        155.44 4535.49639  4535.4903   4.0 1 0 
	        162.90 4535.25451  4535.2546   6.0 1 1 
	        197.78  4534.1194  4534.1198   6.0 1 1 
	        254.53 4532.26038  4532.2577   6.0 1 1 
	        306.26 4530.55251  4530.5523   6.0 1 1 
	        382.05 4528.02758  4528.0208   4.0 1 0 
	        476.65  4524.8371  4524.8379   6.0 1 1 
	        497.43 4524.13051  4524.1289   4.0 1 1 
	        550.35 4522.32164   4522.323   6.0 1 1 
	        583.09 4521.19579  4521.1939   4.0 1 1 
	        639.09 4519.25782  4519.2592   6.0 1 1 
	        757.32 4515.11707  4515.1182   6.0 1 1 
	        797.90 4513.67988  4513.6799   6.0 1 1 
	        810.75 4513.22323  4513.2231   6.0 1 1 
	        831.51 4512.48371  4512.4832   4.0 1 1 
	        880.44 4510.73249  4510.7332   6.0 1 1 
	       1032.52 4505.21473  4505.2167   4.0 1 1 
	       1048.45 4504.63016  4504.6306   6.0 1 1 
	       1094.66 4502.92771  4502.9268   4.0 1 1 
	       1173.95 4499.98244  4499.9832   4.0 1 1 
	       1201.74 4498.94275  4498.9401   4.0 1 1 
	       1212.47 4498.54034  4498.5384   4.0 1 1 
	       1229.23 4497.91064  4497.9144   6.0 1 1 
	       1271.55  4496.3145  4496.3155   4.0 1 1 
	       1314.31 4494.69329  4494.6907   6.0 1 1 
	       1349.98   4493.334  4493.3337   4.0 1 1 
	       1411.28 4490.98344  4490.9816   4.0 1 1 
	       1445.48 4489.66441  4489.6645   4.0 1 1 
	       1470.89 4488.68049  4488.6803   6.0 1 1 
	       1480.37 4488.31254  4488.3123   6.0 1 1 
	       1501.37 4487.49612  4487.4955   4.0 1 1 
	       1516.73 4486.89767  4486.8973   4.0 1 1 
	       1607.30 4483.34585  4483.3468   4.0 1 1 
	       1637.13  4482.1675  4482.1693   4.0 1 1 
	       1646.16 4481.80998  4481.8107   4.0 1 1 
	       1700.80 4479.63803  4479.6376   4.0 1 1 
	       1726.89 4478.59582  4478.5958   6.0 1 1 
	       1810.84 4475.22101  4475.2214   4.0 1 1 
	       1822.27 4474.75881  4474.7594   4.0 1 1 
	       1914.94 4470.99005  4470.9906   6.0 1 1 
	       1950.68 4469.52555  4469.5253   6.0 1 1 
	       1979.95 4468.32193  4468.3208   4.0 1 1 
	function chebyshev
	order 5
	sample *
	naverage 1
	niterate 2000
	low_reject 3.
	high_reject 3.
	grow 0.
	coefficients	9
		1.
		5.
		88.91547393798827
		1979.95458984375
		4504.06149115245
		-34.66144169562139
		-1.08101977420379
		9.051808222771664E-4
		0.001993738773577538

