	aplow	1590.23
	aphigh	1598.83
	units	Angstroms
	features	13
	        297.39 8521.44161  8521.4422   4.0 1 1 
	        375.09 8516.55704  8516.5542   4.0 1 1 
	        468.42 8510.62093   8510.624   4.0 1 1 
	        956.03 8478.35998   8478.358   4.0 1 1 
	       1159.93 8464.23682  8464.2367   4.0 1 1 
	       1408.52 8446.50592  8446.5116   4.0 1 1 
	       1422.53 8445.48985   8445.487   4.0 1 1 
	       1750.00 8421.22883  8421.2254   4.0 1 1 
	       1792.63 8417.99912  8417.9982   4.0 1 1 
	       1809.35 8416.72757  8416.7269   4.0 1 1 
	       1872.36 8411.91264  8411.9172   4.0 1 1 
	       1977.52 8403.79823  8403.7965   4.0 1 1 
	       2000.80 8401.98834   8401.989   4.0 1 1 
	function chebyshev
	order 5
	sample *
	naverage 1
	niterate 0
	low_reject 3.
	high_reject 3.
	grow 0.
	coefficients	9
		1.
		5.
		297.3861694335938
		2000.79833984375
		8463.35337897792
		-59.71959641785646
		-1.640892344239018
		-0.007037253871859681
		0.002490359944690267

