	aplow	1050.42
	aphigh	1058.43
	units	Angstroms
	features	36
	         77.30 4426.00033  4426.0011   4.0 1 1 
	        202.61 4422.04714  4422.0479   4.0 1 1 
	        218.35 4421.54521  4421.5439   4.0 1 1 
	        364.09 4416.84601  4416.8447   4.0 1 1 
	        436.11 4414.48709  4414.4863   4.0 1 1 
	        604.37 4408.88164  4408.8828   4.0 1 1 
	        778.91 4402.92537  4402.9271   4.0 1 1 
	        798.57 4402.24545  4402.2452   4.0 1 1 
	        817.72 4401.58155  4401.5812   4.0 1 1 
	        834.85 4400.98595  4400.9863   4.0 1 1 
	        860.43 4400.09423  4400.0968   4.0 1 1 
	        880.08 4399.40711   4399.406   4.0 1 1 
	        963.30 4396.47632  4396.4783   4.0 1 1 
	       1039.62 4393.75993   4393.759   4.0 1 1 
	       1061.46 4392.97728   4392.974   4.0 1 1 
	       1113.31 4391.11073  4391.1105   4.0 1 1 
	       1279.04 4385.05841  4385.0566   4.0 1 1 
	       1365.18 4381.86122  4381.8601   4.0 1 1 
	       1377.54 4381.39937  4381.4018   4.0 1 1 
	       1407.28 4380.28594  4380.2863   4.0 1 1 
	       1423.71 4379.66886  4379.6668   4.0 1 1 
	       1463.28 4378.17756  4378.1768   4.0 1 1 
	       1506.86 4376.52648  4376.5309   4.0 1 1 
	       1521.89 4375.95512  4375.9542   4.0 1 1 
	       1569.90 4374.12264  4374.1239   4.0 1 1 
	       1612.40 4372.49177    4372.49   4.0 1 1 
	       1642.56 4371.32906   4371.329   4.0 1 1 
	       1657.45 4370.75336  4370.7532   4.0 1 1 
	       1680.13 4369.87492  4369.8756   4.0 1 1 
	       1732.64 4367.83144  4367.8316   4.0 1 1 
	       1754.77 4366.96639  4366.9657   4.0 1 1 
	       1781.24 4365.92907  4365.9301   4.0 1 1 
	       1879.09  4362.0655  4362.0662   4.0 1 1 
	       1898.13 4361.30887  4361.3071   4.0 1 1 
	       1946.67 4359.37164  4359.3719   4.0 1 1 
	       1990.51 4357.61313  4357.6132   4.0 1 1 
	function chebyshev
	order 5
	sample *
	naverage 1
	niterate 2000
	low_reject 3.
	high_reject 3.
	grow 0.
	coefficients	9
		1.
		5.
		77.29531860351561
		1990.511474609375
		4392.883383350089
		-34.19459118326563
		-1.078745774219799
		9.935977605520964E-4
		0.00209436043342901

