	aplow	946.14
	aphigh	952.82
	units	Angstroms
	features	31
	         16.83  4170.5319  4170.5333   4.0 1 1 
	        178.03 4165.76398  4165.7661   4.0 1 1 
	        230.81 4164.17959  4164.1795   4.0 1 1 
	        311.20  4161.7442  4161.7389   4.0 1 1 
	        379.10 4159.66601  4159.6599   4.0 1 1 
	        414.12 4158.58644  4158.5905   4.0 1 1 
	        480.94 4156.51185  4156.5166   4.0 1 1 
	        538.16  4154.7198  4154.7205   4.0 1 1 
	        743.17  4148.1812  4148.1816   4.0 1 1 
	        763.07 4147.53646  4147.5396   4.0 1 1 
	        881.92  4143.6498  4143.6491   4.0 1 1 
	        910.62 4142.70183   4142.701   4.0 1 1 
	       1050.15 4138.04007  4138.0406   4.0 1 1 
	       1125.57 4135.48364    4135.48   4.0 1 1 
	       1166.92 4134.07127  4134.0681   4.0 1 1 
	       1205.41 4132.74995  4132.7533   4.0 1 1 
	       1235.15 4131.72424  4131.7235   4.0 1 1 
	       1255.97 4131.00384  4131.0021   4.0 1 1 
	       1323.87 4128.64121    4128.64   4.0 1 1 
	       1340.68 4128.05327  4128.0499   4.0 1 1 
	       1359.11 4127.40708   4127.412   4.0 1 1 
	       1454.50  4124.0383  4124.0403   4.0 1 1 
	       1658.24 4116.71139  4116.7137   4.0 1 1 
	       1684.42 4115.75687  4115.7589   4.0 1 1 
	       1766.28 4112.75402  4112.7545   4.0 1 1 
	       1818.36 4110.82869   4110.826   4.0 1 1 
	       1858.84 4109.32468  4109.3234   4.0 1 1 
	       1883.07 4108.42144  4108.4198   4.0 1 1 
	       1990.61 4104.38313  4104.3821   4.0 1 1 
	       2003.14 4103.90953  4103.9121   4.0 1 1 
	function chebyshev
	order 5
	sample *
	naverage 1
	niterate 100
	low_reject 3.
	high_reject 3.
	grow 0.
	coefficients	9
		1.
		5.
		16.82711219787598
		2003.142578125
		4138.300224407088
		-33.31202880557078
		-1.085063326737238
		8.423511590589016E-4
		0.005553903638656496

