	aplow	1348.66
	aphigh	1358.
	units	Angstroms
	features	30
	         41.70 5691.66068  5691.6612   6.0 1 1 
	        148.68 5687.34764  5687.3489   6.0 1 1 
	        201.51 5685.19244  5685.1921   6.0 1 1 
	        281.33 5681.90443  5681.9001   4.0 1 1 
	        397.47 5677.05212  5677.0529   4.0 1 1 
	        473.43 5673.83413  5673.8358   4.0 1 1 
	        629.14 5667.12831  5667.1281   4.0 1 1 
	        663.57 5665.62581  5665.6283   4.0 1 1 
	        673.80 5665.17796  5665.1799   4.0 1 1 
	        686.50 5664.62101   5664.621   6.0 1 1 
	        722.39 5663.04177   5663.042   6.0 1 1 
	        810.52 5659.13055  5659.1272   4.0 1 1 
	        837.49 5657.92399  5657.9255   4.0 1 1 
	        891.45 5655.49703  5655.4897   6.0 1 1 
	        924.05 5654.02183  5654.0234   6.0 1 1 
	        996.88 5650.70319  5650.7043   4.0 1 1 
	       1034.22 5648.98942   5648.991   6.0 1 1 
	       1089.20 5646.44964  5646.4514   6.0 1 1 
	       1232.47 5639.74589  5639.7461   4.0 1 1 
	       1367.94 5633.29183   5633.295   6.0 1 1 
	       1429.92 5630.30198  5630.2969   4.0 1 1 
	       1640.36 5619.97783  5619.9755   6.0 1 1 
	       1706.24 5616.69151  5616.6908   6.0 1 1 
	       1733.64 5615.31706  5615.3195   6.0 1 1 
	       1798.11 5612.06556  5612.0679   6.0 1 1 
	       1825.49 5610.67772  5610.6809   6.0 1 1 
	       1847.14 5609.57657  5609.5735   6.0 1 1 
	       1902.81 5606.73325   5606.733   6.0 1 1 
	       1946.00 5604.51531  5604.5154   6.0 1 1 
	       2002.37 5601.60406  5601.6032   4.0 1 1 
	function chebyshev
	order 5
	sample *
	naverage 1
	niterate 2000
	low_reject 3.
	high_reject 3.
	grow 0.
	coefficients	9
		1.
		5.
		41.70421981811524
		2002.3671875
		5648.088019853751
		-45.03146465199147
		-1.458563802295037
		0.003154295722418016
		0.002910515604596081

